
Gurobi 11.0.3 (linux64, Matlab) logging started Sat 19 Oct 2024 06:37:31 PM EDT

Set parameter Username
Set parameter Method to value 3
Set parameter MIPFocus to value 1
Set parameter LogFile to value "runs/PIONEER25_All_Teams_16/logfile16.txt"
Set parameter Threads to value 80
Academic license - for non-commercial use only - expires 2025-04-09
Gurobi Optimizer version 11.0.3 build v11.0.3rc0 (linux64 - "Red Hat Enterprise Linux 9.4 (Plow)")

CPU model: Intel(R) Xeon(R) CPU E5-4650 v2 @ 2.40GHz, instruction set [SSE2|AVX]
Thread count: 70 physical cores, 140 logical processors, using up to 80 threads

Optimize a model with 18230 rows, 17984 columns and 80766 nonzeros
Model fingerprint: 0xa6f5271a
Variable types: 0 continuous, 17984 integer (17984 binary)
Coefficient statistics:
  Matrix range     [1e+00, 1e+01]
  Objective range  [1e+01, 1e+05]
  Bounds range     [1e+00, 1e+00]
  RHS range        [1e+00, 5e+01]

User MIP start produced solution with objective 9440 (0.07s)
Loaded user MIP start with objective 9440

Presolve removed 4299 rows and 4813 columns
Presolve time: 0.32s
Presolved: 13931 rows, 13171 columns, 57534 nonzeros
Variable types: 0 continuous, 13171 integer (12998 binary)
Concurrent LP optimizer: primal simplex, dual simplex, and barrier
Showing barrier log only...

Root barrier log...

Ordering time: 0.48s

Barrier statistics:
 AA' NZ     : 2.724e+05
 Factor NZ  : 2.299e+06 (roughly 27 MB of memory)
 Factor Ops : 7.030e+08 (less than 1 second per iteration)
 Threads    : 78

                  Objective                Residual
Iter       Primal          Dual         Primal    Dual     Compl     Time
   0   2.13220924e+07 -6.30531836e+07  1.55e+02 5.58e+02  4.70e+04     1s
   1   6.95783910e+06 -1.12126237e+08  3.53e+01 2.91e-11  1.17e+04     2s
   2   2.66332646e+06 -5.19213534e+07  5.92e+00 2.36e-11  2.68e+03     2s
   3   1.55865645e+06 -6.99700229e+06  1.18e+00 1.23e-11  3.47e+02     2s
   4   5.14499157e+05 -3.05180946e+06  2.52e-01 1.28e-11  1.34e+02     2s
   5   3.55855012e+05 -1.36695481e+06  1.43e-01 9.12e-12  6.38e+01     2s
   6   2.40974589e+05 -6.34987098e+05  7.90e-02 8.84e-12  3.22e+01     2s
   7   1.44162274e+05 -3.16942078e+05  4.23e-02 1.16e-11  1.69e+01     2s
   8   4.59268572e+04 -1.27280643e+05  1.24e-02 1.10e-11  6.32e+00     2s

Barrier performed 8 iterations in 2.04 seconds (0.45 work units)
Barrier solve interrupted - model solved by another algorithm


Solved with dual simplex

Use crossover to convert LP symmetric solution to basic solution...

Root relaxation: objective 1.870000e+02, 4598 iterations, 1.88 seconds (0.90 work units)
Total elapsed time = 5.63s (DegenMoves)
Total elapsed time = 13.76s (DegenMoves)
Total elapsed time = 17.31s (DegenMoves)

    Nodes    |    Current Node    |     Objective Bounds      |     Work
 Expl Unexpl |  Obj  Depth IntInf | Incumbent    BestBd   Gap | It/Node Time

     0     0  187.00000    0  615 9440.00000  187.00000  98.0%     -   20s
     0     0 2020.00000    0  714 9440.00000 2020.00000  78.6%     -   25s
     0     0 2020.00000    0  677 9440.00000 2020.00000  78.6%     -   25s
     0     0 2020.00000    0  728 9440.00000 2020.00000  78.6%     -   34s
     0     0 2020.00000    0  695 9440.00000 2020.00000  78.6%     -   35s
     0     0 2020.00000    0  570 9440.00000 2020.00000  78.6%     -   50s
     0     0 2020.00000    0  579 9440.00000 2020.00000  78.6%     -   51s
     0     0 2020.00000    0  622 9440.00000 2020.00000  78.6%     -   69s
     0     0 2020.00000    0  686 9440.00000 2020.00000  78.6%     -   72s
     0     0 2020.00000    0  615 9440.00000 2020.00000  78.6%     -   98s
     0     0 2030.00000    0  678 9440.00000 2030.00000  78.5%     -  122s
     0     0 2030.00000    0  736 9440.00000 2030.00000  78.5%     -  128s
     0     0 2030.00000    0  724 9440.00000 2030.00000  78.5%     -  132s
     0     0 2030.00000    0  701 9440.00000 2030.00000  78.5%     -  137s
     0     0 2030.00000    0  717 9440.00000 2030.00000  78.5%     -  146s
     0     0 2030.00000    0  701 9440.00000 2030.00000  78.5%     -  147s
     0     0 2030.00000    0  720 9440.00000 2030.00000  78.5%     -  157s
     0     0 2030.00000    0  711 9440.00000 2030.00000  78.5%     -  159s
     0     0 2030.00000    0  752 9440.00000 2030.00000  78.5%     -  166s
     0     0 2030.00000    0  749 9440.00000 2030.00000  78.5%     -  167s
     0     0 2030.00000    0  732 9440.00000 2030.00000  78.5%     -  167s
     0     0 2052.28070    0  712 9440.00000 2052.28070  78.3%     -  188s
     0     2 2052.30669    0  653 9440.00000 2052.30669  78.3%     -  199s
     1     5 2052.55960    1  659 9440.00000 2052.30669  78.3%  4562  200s
     7    16 2056.26623    3  624 9440.00000 2052.55348  78.3%  1835  209s
    15    32 2340.82716    4  702 9440.00000 2052.72666  78.3%  2652  216s
    31    64 2427.37251    5  709 9440.00000 2053.04693  78.3%  4102  347s
    63   128 3681.55197    6  661 9440.00000 2053.49818  78.2%  4235  360s
   127   208 5857.16741    7  758 9440.00000 2053.94352  78.2%  5383  409s
   207   288 5857.37311    8  730 9440.00000 2053.98685  78.2%  4546  421s
   287   366     cutoff    8      9440.00000 2053.98685  78.2%  4138  576s
H  288   366                    9340.0000000 2053.98685  78.0%  4124  576s
H  291   366                    9240.0000000 2053.98685  77.8%  4131  576s
H  297   366                    9040.0000000 2053.98685  77.3%  4115  576s
H  302   366                    8940.0000000 2053.98685  77.0%  4132  576s
H  358   366                    8740.0000000 2053.98685  76.5%  4249  576s
H  367   444                    8440.0000000 2053.98685  75.7%  4197 7454s
H  399   444                    8340.0000000 2053.98685  75.4%  4110 7454s
   447   581 7042.99189    9  735 8340.00000 2053.98685  75.4%  4073 7498s
   590   656 5932.43389   10  725 8340.00000 2053.98685  75.4%  3956 10536s
   673   737     cutoff   10      8340.00000 2053.98685  75.4%  3968 10671s
   764   884 7032.85327   11  730 8340.00000 2053.98685  75.4%  3987 10716s
   919   981 6567.93276   12  691 8340.00000 2053.98685  75.4%  3967 10824s
  1021  1193 6797.04168   13  708 8340.00000 2053.98685  75.4%  3875 10859s
  1245  1409 7584.41644   14  744 8340.00000 2053.98685  75.4%  3899 10906s
  1490  1671 7013.92912   16  710 8340.00000 2053.98685  75.4%  3785 10935s
  1791  1765 7147.78587   18  701 8340.00000 2053.98685  75.4%  3671 11045s
  1901  2016 7107.68531   19  686 8340.00000 2053.98685  75.4%  3615 11074s
  2239  2096 7653.38392   21  673 8340.00000 2053.98685  75.4%  3529 11178s
  2361  2400 7669.48686   22  643 8340.00000 2053.98685  75.4%  3477 11212s
  2786  2491 7891.08769   24  632 8340.00000 2053.98685  75.4%  3362 11328s
  2913  2804 8252.48830   25  619 8340.00000 2056.44390  75.3%  3330 11360s
  3381  3007 2316.35201    9  715 8340.00000 2056.44390  75.3%  3261 11441s
  3655  3413 2782.13292   14  692 8340.00000 2056.44390  75.3%  3244 11479s
  4173  3519 3046.12342   18  673 8340.00000 2056.44390  75.3%  3191 11597s
  4307  3962 3046.23419   19  641 8340.00000 2056.44390  75.3%  3155 11636s
  4879  4358 3231.57358   25  671 8340.00000 2056.44390  75.3%  3095 11693s
  5425  4831 3494.56288   27  683 8340.00000 2056.44390  75.3%  3049 11732s
  6011  4932 4880.48868   31  686 8340.00000 2056.44390  75.3%  3022 11854s
  6134  5441 5070.24561   32  621 8340.00000 2056.44390  75.3%  3013 11915s
  6766  5939 6823.92419   37  605 8340.00000 2056.46981  75.3%  2992 11971s
  7393  5940 2300.19764   14  615 8340.00000 2056.52037  75.3%  2975 11983s
  7395  5941 7015.85241   17  666 8340.00000 2056.52037  75.3%  2974 11998s
  7396  5942 5184.09043   31  736 8340.00000 2056.52037  75.3%  2974 12002s
  7397  5943 3554.61271   13  742 8340.00000 2056.52037  75.3%  2974 12005s
  7399  5944 3111.47839    9  704 8340.00000 2056.52037  75.3%  2973 12013s
  7400  5945 3034.46696   13  698 8340.00000 2056.52037  75.3%  2972 12015s
  7403  5947 4030.00000   22  718 8340.00000 2056.52037  75.3%  2971 12020s
  7410  5951 4811.39394   10  722 8340.00000 2064.05247  75.3%  2968 12027s
  7415  5955 4572.07932   28  727 8340.00000 2078.04504  75.1%  2966 12030s
  7418  5957 7832.22905   31  716 8340.00000 2169.71830  74.0%  2965 12036s
  7422  5959 7049.99057   10  763 8340.00000 2210.47960  73.5%  2964 12040s
  7428  5964 8079.25573   47  616 8340.00000 2342.45496  71.9%  2972 12140s
  7429  5965 2342.45496   12  713 8340.00000 2342.45496  71.9%  2971 12148s
  7430  5966 6213.27401   26  751 8340.00000 2342.45496  71.9%  2971 12152s
  7431  5966 6286.35234   38  705 8340.00000 2342.45496  71.9%  2971 12158s
  7432  5967 3234.28692   19  723 8340.00000 2342.45496  71.9%  2970 12167s
  7433  5968 4185.00000   29  710 8340.00000 2342.45496  71.9%  2970 12171s
  7435  5969 3086.74676   18  711 8340.00000 2342.45496  71.9%  2969 12176s
  7437  5970 4816.66747   31  763 8340.00000 2342.45496  71.9%  2968 12182s
  7438  5971 3021.83488   24  713 8340.00000 2372.95067  71.5%  2968 12185s
  7441  5973 6019.60264   41  740 8340.00000 2401.82758  71.2%  2967 12190s
  7444  5975 4727.51465   42  726 8340.00000 2417.65362  71.0%  2965 12195s
  7449  5978 4431.86600   24  731 8340.00000 2444.24999  70.7%  2963 12201s
  7452  5980 2968.72396   17  746 8340.00000 2451.42279  70.6%  2962 12206s
  7456  5984 4723.23749   30  616 8340.00000 2454.11962  70.6%  2971 12311s
  7457  5985 4777.92420   34  708 8340.00000 2454.11962  70.6%  2970 12322s
  7458  5986 4082.60269   29  779 8340.00000 2454.11962  70.6%  2970 12327s
  7459  5986 3280.84084   16  729 8340.00000 2454.11962  70.6%  2969 12336s
  7460  5987 6523.36806   43  721 8340.00000 2454.11962  70.6%  2969 12350s
  7461  5988 3173.12812   16  734 8340.00000 2454.11962  70.6%  2969 12355s
  7463  5989 2454.11962    7  758 8340.00000 2454.11962  70.6%  2968 12361s
  7465  5990 8105.63152   23  779 8340.00000 2454.11962  70.6%  2967 12366s
  7468  5992 6476.71950   29  715 8340.00000 2454.11962  70.6%  2966 12370s
  7472  5995 5401.72421   33  739 8340.00000 2460.37667  70.5%  2964 12375s
  7476  5998 5533.23090   56  721 8340.00000 2529.16021  69.7%  2963 12384s
  7477  5998 3020.00000   12  750 8340.00000 2535.21146  69.6%  2962 12389s
  7478  5999 3496.58147   11  753 8340.00000 2542.29800  69.5%  2962 12393s
  7479  6000 4014.35714    7  726 8340.00000 2543.71464  69.5%  2962 12395s
  7486  6005 7590.23585   54  586 8340.00000 2552.12034  69.4%  2970 12478s
  7487  6006 3626.51895   28  713 8340.00000 2552.12034  69.4%  2970 12487s
  7488  6007 4827.77254   41  714 8340.00000 2552.12034  69.4%  2969 12491s
  7489  6007 3017.69536   16  741 8340.00000 2552.12034  69.4%  2969 12495s
  7490  6008 3932.75680   17  704 8340.00000 2552.12034  69.4%  2968 12503s
  7491  6009 5503.49519   54  753 8340.00000 2552.12034  69.4%  2968 12513s
  7492  6009 6812.22053   29  738 8340.00000 2552.12034  69.4%  2968 12517s
  7494  6011 4679.22084   42  729 8340.00000 2552.12034  69.4%  2967 12520s
  7496  6012 5184.09043   31  736 8340.00000 2552.12034  69.4%  2966 12527s
  7498  6013 2552.12034   16  756 8340.00000 2552.12034  69.4%  2965 12531s
  7500  6015 3034.46696   13  719 8340.00000 2552.12034  69.4%  2964 12536s
  7506  6019 2892.92298   14  729 8340.00000 2553.86010  69.4%  2962 12540s
  7510  6021 4811.39394   10  676 8340.00000 2559.97374  69.3%  2960 12549s
  7511  6022 3384.45681   24  676 8340.00000 2560.13235  69.3%  2960 12552s
  7512  6026 2934.23627   41  762 8340.00000 2560.28791  69.3%  2973 12565s
  7518  6036 3617.60565   43  741 8340.00000 2609.53124  68.7%  2972 12580s
  7526  6049 4418.91043   44  716 8340.00000 2617.75606  68.6%  2971 12585s
  7542  6076 5580.41168   45  754 8340.00000 2707.23489  67.5%  2973 12761s
  7574  6129 7539.91562   46  776 8340.00000 2720.41744  67.4%  2972 12766s
  7638  6184     cutoff   47      8340.00000 2819.48772  66.2%  2976 12791s
  7718  6235 2999.79175   48  725 8340.00000 2820.06091  66.2%  2978 13439s
  7798  6288 3236.84681   49  662 8340.00000 2820.06091  66.2%  2983 22022s
  7878  6340 3295.00178   50  678 8340.00000 2820.06091  66.2%  3011 22045s
  7958  6395 3476.03271   51  707 8340.00000 2820.06091  66.2%  3030 22249s
  8040  6497 3584.64722   52  720 8340.00000 2820.06091  66.2%  3056 22286s
  8182  6523 4014.76148   54  722 8340.00000 2820.06091  66.2%  3101 22486s
  8269  6631 4382.38079   55  713 8340.00000 2820.06091  66.2%  3123 22510s
  8429  6661 5382.34317   57  668 8340.00000 2820.06091  66.2%  3131 22701s
  8532  6828 5581.80682   58  676 8340.00000 2820.06091  66.2%  3128 22727s
  8770  6824 7042.20095   61  664 8340.00000 2820.06091  66.2%  3123 22932s
  8879  7021 7044.13864   62  670 8340.00000 2820.06091  66.2%  3120 22963s
  9193  7066 7334.81603   65  644 8340.00000 2820.06091  66.2%  3099 22991s
  9505  7135 7851.20370   70  524 8340.00000 2820.06091  66.2%  3077 23027s
  9791  7107 infeasible   74      8340.00000 2869.36060  65.6%  3104 23228s
  9890  7260 3005.28504   48  735 8340.00000 2869.36060  65.6%  3117 23264s
 10197  7380 3098.08644   49  705 8340.00000 2869.36060  65.6%  3152 23302s
 10516  7524 3347.57792   51  701 8340.00000 2869.36060  65.6%  3189 23334s
 10869  7645 3483.33628   52  680 8340.00000 2869.36060  65.6%  3213 23364s
 11221  7781 3941.99080   54  692 8340.00000 2869.36060  65.6%  3238 23407s
 11605  7905 4488.64551   56  719 8340.00000 2869.36060  65.6%  3255 23438s
 11986  8027 5576.87112   58  678 8340.00000 2869.36060  65.6%  3269 23479s
 12362  8148 4938.67599   60  662 8340.00000 2869.36060  65.6%  3293 23515s
 12724  8308 5342.71164   62  655 8340.00000 2869.36060  65.6%  3320 23554s
 13103  8490 6197.99904   65  630 8340.00000 2869.36060  65.6%  3349 23593s
 13527  8667 6359.67204   67  610 8340.00000 2869.36060  65.6%  3368 23635s
 13954  8819 6521.71053   71  605 8340.00000 2869.36060  65.6%  3386 23680s
 14411  8984 6575.10965   75  593 8340.00000 2869.36060  65.6%  3398 23725s
 14915  9184 6818.65872   78  587 8340.00000 2869.36060  65.6%  3411 23768s
 15430  9447 7117.31738   81  542 8340.00000 2869.36060  65.6%  3422 23814s
 15940  9687 7155.89286   86  550 8340.00000 2869.36060  65.6%  3440 23864s
 16489  9909 7277.14488   91  551 8340.00000 2869.36060  65.6%  3454 23914s
 17080 10137 8004.46429   95  500 8340.00000 2869.36060  65.6%  3469 23971s
 17672 10350 infeasible  106      8340.00000 2928.13339  64.9%  3482 24021s
 18253 10587 4035.91232   52  679 8340.00000 2928.13339  64.9%  3500 24078s
 18870 10840 6077.26987   58  694 8340.00000 2928.13339  64.9%  3516 24133s
 19541 11059 7572.59852   64  661 8340.00000 2928.13339  64.9%  3526 24196s
 20221 11322 8157.05060   69  593 8340.00000 3028.47068  63.7%  3534 24261s
 20974 11539 3307.42910   49  689 8340.00000 3028.47068  63.7%  3534 24319s
 21753 11754 3849.30529   51  659 8340.00000 3028.47068  63.7%  3533 24387s
 22549 12041 4051.53565   53  682 8340.00000 3028.47068  63.7%  3538 24456s
 23356 12336 4445.05429   55  671 8340.00000 3028.47068  63.7%  3541 24529s
 24233 12523 4631.52272   56  679 8340.00000 3028.47068  63.7%  3544 24595s
 25132 12774 5091.43235   57  674 8340.00000 3028.47068  63.7%  3543 24671s
 26042 13166 5226.48840   62  647 8340.00000 3028.47068  63.7%  3545 24752s
 26938 13805 5615.10006   64  621 8340.00000 3028.47068  63.7%  3552 24836s
 27868 14548 5759.50019   68  631 8340.00000 3028.47068  63.7%  3558 24922s
 28862 15343 5897.18109   71  564 8340.00000 3028.47068  63.7%  3560 24991s
 29841 16203 5943.65260   73  612 8340.00000 3028.47068  63.7%  3568 25057s
 30871 17091 6032.28243   76  563 8340.00000 3028.47068  63.7%  3572 25147s
 31952 18041 6282.82497   79  625 8340.00000 3028.47068  63.7%  3571 25238s
 33138 19084 6509.15553   81  595 8340.00000 3028.47068  63.7%  3563 25332s
 34436 20024 7803.05407   85  633 8340.00000 3028.47068  63.7%  3543 25432s
 35685 20925 7448.88526   93  582 8340.00000 3028.47068  63.7%  3547 25533s
 37045 21949 8120.73703   97  608 8340.00000 3192.53036  61.7%  3543 25639s
 38469 22945 4453.89069   48  766 8340.00000 3192.53036  61.7%  3535 25747s
 39959 23898 8305.42962   62  635 8340.00000 3422.53811  59.0%  3525 25851s
 41420 24830 4134.76891   54  693 8340.00000 3512.09115  57.9%  3524 25966s
 42955 25646 4100.28092   52  758 8340.00000 3512.09115  57.9%  3518 26087s
 44455 26420 8035.33764   74  647 8340.00000 3669.43164  56.0%  3518 26205s
 45923 29605 7220.39664   67  598 8340.00000 3745.69581  55.1%  3523 26665s
 51910 30572 6553.33753   60  643 8340.00000 3952.21406  52.6%  3535 26811s
 53762 31594     cutoff   70      8340.00000 3979.61092  52.3%  3538 26963s
 55665 32644 8251.52664   69  642 8340.00000 4055.99872  51.4%  3541 27117s
 57655 33709 5162.52539   55  668 8340.00000 4079.46687  51.1%  3544 27278s
 59696 34869 6538.86891   61  675 8340.00000 4118.00000  50.6%  3548 27456s
 61855 36092 7616.01325   61  626 8340.00000 4137.20296  50.4%  3551 27624s
 63992 37460 4946.67143   58  687 8340.00000 4160.03975  50.1%  3558 27805s
 66235 38742 6605.88621   67  605 8340.00000 4162.67516  50.1%  3567 28010s
 68783 39995     cutoff   61      8340.00000 4169.00418  50.0%  3566 28633s
 71149 41393 6476.97168   81  514 8340.00000 4220.23734  49.4%  3569 28850s
 74080 42981 7997.50000   81  485 8340.00000 4253.32132  49.0%  3572 29089s
 77109 44613     cutoff   81      8340.00000 4280.00783  48.7%  3575 29332s
 80224 46344     cutoff   58      8340.00000 4306.42623  48.4%  3576 29536s
 83490 48088     cutoff   78      8340.00000 4326.06028  48.1%  3573 29780s
 86721 49533 6654.24935   56  674 8340.00000 4351.85553  47.8%  3573 30030s
 89710 51419 6037.36595   60  714 8340.00000 4353.09903  47.8%  3581 30317s
 92659 56817 7593.25411   61  673 8340.00000 4386.01582  47.4%  3594 30951s
 101161 58686     cutoff   60      8340.00000 4401.02811  47.2%  3580 31234s
 104727 60684 7959.24445   69  711 8340.00000 4422.06153  47.0%  3582 31534s
 108673 62827 5943.89698   56  653 8340.00000 4451.92358  46.6%  3579 31851s
 112606 65087 7336.71924   67  633 8340.00000 4451.92358  46.6%  3579 32170s
 116938 67173 7749.16667   96  451 8340.00000 4487.93388  46.2%  3576 33327s
 120911 68867 8040.00000   70  478 8340.00000 4509.63529  45.9%  3575 34216s
 123189 75786 8252.50000   72  568 8340.00000 4512.05131  45.9%  3576 34951s
 134518 79763 6568.43265   65  663 8340.00000 4532.17367  45.7%  3557 35486s
 142138 88134 5171.14451   53  786 8340.00000 4587.99116  45.0%  3550 36345s
 153913 92075 6802.54319   83  553 8340.00000 4624.53782  44.5%  3548 36796s
 160441 95202 5722.69419   57  725 8340.00000 4628.33625  44.5%  3540 37242s
 166433 98189 6469.55105   66  597 8340.00000 4665.79090  44.1%  3541 37710s
 172532 102444 6197.46665   66  652 8340.00000 4683.61871  43.8%  3545 38188s
 178957 108619 6714.11045   66  621 8340.00000 4698.62909  43.7%  3548 38707s
 186493 113968 7481.66561   92  568 8340.00000 4709.81262  43.5%  3540 39194s
 194008 122337 6394.08131   58  678 8340.00000 4720.77070  43.4%  3533 40213s
 208570 126764 7300.59211   62  638 8340.00000 4749.62731  43.1%  3522 40778s
 215924 126834 6997.21490   61  650 8340.00000 4755.79978  43.0%  3523 44869s
 216014 132812 6827.30628   62  659 8340.00000 4758.10083  42.9%  3523 45214s
 223782 132812 6505.68541   72  617 8340.00000 4788.63563  42.6%  3519 45215s
 224908 136173 7197.67857   63  559 8340.00000 4800.50379  42.4%  3518 45524s
 225933 136173 7314.23114   63  621 8340.00000 4807.78652  42.4%  3518 45525s
 231352 139665 6073.81579   74  560 8340.00000 4810.39234  42.3%  3521 45855s
 238273 144211 6951.87605   61  697 8340.00000 4827.44359  42.1%  3522 46230s
 247552 152497 8209.64029   68  555 8340.00000 4872.63631  41.6%  3524 47501s
 261196 168454 6102.22168   66  615 8340.00000 4903.24813  41.2%  3526 48426s
 286610 174485 7167.21078   67  629 8340.00000 4926.10275  40.9%  3517 48806s
 295408 188703 6346.49677   56  704 8340.00000 4953.24192  40.6%  3516 49409s
 313716 194436 7898.42767   83  576 8340.00000 4965.53490  40.5%  3485 49676s
 322281 198154 6616.50022   57  675 8340.00000 4966.81022  40.4%  3468 49941s
 329622 201432 6971.21457   62  608 8340.00000 4973.10361  40.4%  3463 50222s
 336691 205237 5795.97302   56  719 8340.00000 5001.22520  40.0%  3465 50492s
 342596 213592 7927.99057   62  625 8340.00000 5003.98284  40.0%  3463 51078s
 357043 219584 6821.43844   77  615 8340.00000 5027.52139  39.7%  3471 51405s
 365598 225025 6241.62730   66  651 8340.00000 5028.29443  39.7%  3472 51724s
 374280 228713 6182.55099   67  656 8340.00000 5028.78821  39.7%  3470 52026s
 382125 232478 7812.74864   81  592 8340.00000 5033.08286  39.7%  3473 52332s
 390199 240501 6318.34301   78  567 8340.00000 5075.67625  39.1%  3474 52892s
 404393 245347 6891.25490   67  699 8340.00000 5085.81377  39.0%  3477 53188s
 410751 250678 6844.82369   76  608 8340.00000 5096.82159  38.9%  3476 54032s
 419923 256172 6162.80781   66  657 8340.00000 5107.59056  38.8%  3473 54377s
 429032 260725 6047.91383   60  676 8340.00000 5116.57922  38.7%  3472 54695s
 437695 270410 5851.75697   62  659 8340.00000 5121.61618  38.6%  3472 55211s
 452150 272048     cutoff  112      8340.00000 5143.80466  38.3%  3468 56148s
 455448 278411     cutoff   66      8340.00000 5146.75649  38.3%  3469 56663s
 469765 282731 7041.21942   62  637 8340.00000 5156.83920  38.2%  3465 57030s
 479448 286747 6509.13212   61  652 8340.00000 5179.29225  37.9%  3466 57365s
 488230 293770 5917.88804   76  624 8340.00000 5195.75247  37.7%  3469 57876s
 501555 298987 6178.37366   62  640 8340.00000 5210.51882  37.5%  3472 58192s
 510077 303533 5907.92990   81  580 8340.00000 5214.52023  37.5%  3471 58475s
 516020 309141 7502.78721   72  568 8340.00000 5215.43370  37.5%  3471 58814s
 523374 309141 6431.65622   68  644 8340.00000 5224.74530  37.4%  3470 58815s
 525507 314381 6377.85293   66  596 8340.00000 5227.66571  37.3%  3469 59130s
 534075 320419 8253.93590   59  630 8340.00000 5233.13790  37.3%  3469 59482s

Cutting planes:
  Gomory: 5
  Lift-and-project: 2
  Cover: 62
  Clique: 10
  MIR: 65
  StrongCG: 2
  Flow cover: 144
  GUB cover: 42
  Inf proof: 26
  Zero half: 89
  RLT: 688
  BQP: 62
  PSD: 1

Explored 544214 nodes (1888474759 simplex iterations) in 59483.34 seconds (22343.59 work units)
Thread count was 80 (of 140 available processors)

Solution count 8: 8340 8440 8740 ... 9440

Solve interrupted
Best objective 8.340000000000e+03, best bound 5.250000000000e+03, gap 37.0504%
