
Gurobi 11.0.3 (linux64, Matlab) logging started Fri 18 Oct 2024 10:53:30 PM EDT

Set parameter Username
Set parameter Method to value 3
Set parameter MIPFocus to value 1
Set parameter LogFile to value "runs/PIONEER25_All_Teams_12/logfile12.txt"
Set parameter Threads to value 80
Academic license - for non-commercial use only - expires 2025-04-09
Gurobi Optimizer version 11.0.3 build v11.0.3rc0 (linux64 - "Red Hat Enterprise Linux 9.4 (Plow)")

CPU model: Intel(R) Xeon(R) CPU E5-4650 v2 @ 2.40GHz, instruction set [SSE2|AVX]
Thread count: 70 physical cores, 140 logical processors, using up to 80 threads

Optimize a model with 17792 rows, 15478 columns and 71398 nonzeros
Model fingerprint: 0xbce1a64e
Variable types: 0 continuous, 15478 integer (15478 binary)
Coefficient statistics:
  Matrix range     [1e+00, 1e+01]
  Objective range  [1e+01, 3e+04]
  Bounds range     [1e+00, 1e+00]
  RHS range        [1e+00, 5e+01]
Presolve removed 4228 rows and 2698 columns
Presolve time: 0.20s
Presolved: 13564 rows, 12780 columns, 51541 nonzeros
Variable types: 0 continuous, 12780 integer (12759 binary)
Concurrent LP optimizer: primal simplex, dual simplex, and barrier
Showing barrier log only...

Root barrier log...

Ordering time: 0.31s

Barrier statistics:
 AA' NZ     : 2.250e+05
 Factor NZ  : 2.090e+06 (roughly 25 MB of memory)
 Factor Ops : 6.160e+08 (less than 1 second per iteration)
 Threads    : 77

                  Objective                Residual
Iter       Primal          Dual         Primal    Dual     Compl     Time
   0   3.44094381e+08 -7.93322671e+08  1.90e+02 9.67e+03  6.15e+05     1s
   1   1.01379545e+08 -1.39336245e+09  4.02e+01 2.33e-10  1.42e+05     1s
   2   3.53529326e+07 -8.22616571e+08  5.44e+00 3.06e-10  3.81e+04     1s

Barrier performed 2 iterations in 1.01 seconds (0.31 work units)
Barrier solve interrupted - model solved by another algorithm


Solved with dual simplex

Use crossover to convert LP symmetric solution to basic solution...

Root relaxation: objective 3.453333e+02, 3196 iterations, 1.00 seconds (0.52 work units)

    Nodes    |    Current Node    |     Objective Bounds      |     Work
 Expl Unexpl |  Obj  Depth IntInf | Incumbent    BestBd   Gap | It/Node Time

     0     0  345.33333    0  559          -  345.33333      -     -    4s
H    0     0                    5.655965e+07  345.33333   100%     -    5s
     0     0 2520.00000    0  586 5.6560e+07 2520.00000   100%     -    7s
H    0     0                    732950.00000 2520.00000   100%     -    7s
H    0     0                    473950.00000 2520.00000  99.5%     -    7s
     0     0 2520.00000    0  560 473950.000 2520.00000  99.5%     -    7s
     0     0 3020.00000    0  569 473950.000 3020.00000  99.4%     -   10s
H    0     0                    423950.00000 3020.00000  99.3%     -   10s
     0     0 3020.00000    0  580 423950.000 3020.00000  99.3%     -   10s
     0     0 3020.00000    0  602 423950.000 3020.00000  99.3%     -   11s
H    0     0                    384950.00000 3020.00000  99.2%     -   12s
     0     0 3020.00000    0  578 384950.000 3020.00000  99.2%     -   12s
     0     0 3020.00000    0  454 384950.000 3020.00000  99.2%     -   20s
     0     0 3020.00000    0  484 384950.000 3020.00000  99.2%     -   21s
     0     0 3020.00000    0  452 384950.000 3020.00000  99.2%     -   28s
H    0     0                    349850.00000 3020.00000  99.1%     -   29s
     0     2 3020.00000    0  452 349850.000 3020.00000  99.1%     -   35s
H    1     4                    339750.00000 3020.00000  99.1%  5713   36s
H    2     4                    339650.00000 3020.00000  99.1%  3118   36s
     7    16 3020.00000    3  518 339650.000 3020.00000  99.1%  2194   69s
H    9    16                    293550.00000 3020.00000  99.0%  1867   69s
    15    32 3020.75000    4  557 293550.000 3020.00000  99.0%  1907   71s
    31    64 3021.50000    5  531 293550.000 3020.00000  99.0%  2569  106s
H   34    64                    292550.00000 3020.00000  99.0%  2413  106s
H   41    64                    259550.00000 3020.00000  98.8%  2240  106s
   127   208 3021.50000    7  504 259550.000 3020.00000  98.8%  1626  112s
H  131   208                    250050.00000 3020.00000  98.8%  1652  112s
H  133   208                    239550.00000 3020.00000  98.7%  1664  112s
   207   288 3021.50000    8  499 239550.000 3020.00000  98.7%  2015  115s
H  287   366                    58260.000000 3020.00000  94.8%  1756  149s
H  289   366                    57130.000000 3020.00000  94.7%  1753  149s
H  290   366                    47760.000000 3020.00000  93.7%  1751  149s
H  294   366                    29660.000000 3020.00000  89.8%  1749  149s
H  300   366                    23440.000000 3020.00000  87.1%  1733  149s
H  320   366                    19260.000000 3020.00000  84.3%  1706  149s
H  338   366                    18740.000000 3020.00000  83.9%  1661  149s
   367   446 3030.00000    9  498 18740.0000 3020.00000  83.9%  1620  200s
H  368   446                    17540.000000 3020.00000  82.8%  1616  200s
H  373   446                    15040.000000 3020.00000  79.9%  1607  200s
H  393   446                    14530.000000 3020.00000  79.2%  1574  200s
H  447   525                    13630.000000 3020.00000  77.8%  1509  241s
H  448   525                    13530.000000 3020.00000  77.7%  1508  241s
H  450   525                    12930.000000 3020.00000  76.6%  1505  241s
H  458   525                    12230.000000 3020.00000  75.3%  1499  241s
H  460   525                    11730.000000 3020.00000  74.3%  1505  241s
H  488   525                    10930.000000 3020.00000  72.4%  1483  242s
   527   670 3030.00000   11  479 10930.0000 3020.00000  72.4%  1439  245s
   684   672 3020.00000   12  498 10930.0000 3020.00000  72.4%  1334  253s
   686   674 3020.00000   10  590 10930.0000 3020.00000  72.4%  1330  255s
   689   676 3030.00000   12  567 10930.0000 3020.00000  72.4%  1324  262s
   691   677 4020.00000   12  484 10930.0000 3020.00000  72.4%  1321  269s
   692   678 4020.00000   12  562 10930.0000 3020.00000  72.4%  1319  270s
   694   679 4030.00000   14  413 10930.0000 3020.00000  72.4%  1315  277s
   695   683 3020.00000   14  404 10930.0000 3020.00000  72.4%  1413  282s
   697   686 3020.00000   15  429 10930.0000 3020.00000  72.4%  1414  285s
H  701   658                    10730.000000 3020.00000  71.9%  1412  288s
   709   671 3020.09259   17  567 10730.0000 3020.00000  71.9%  1421  291s
   725   698 3020.18519   18  572 10730.0000 3020.09259  71.9%  1461  320s
   821   810 3020.74380   20  564 10730.0000 3020.18519  71.9%  1429  360s
   901   859 3020.74380   21  531 10730.0000 3020.18519  71.9%  1498  523s
H  921   820                    9730.0000000 3020.18519  69.0%  1495  523s
   981   874 3020.83551   21  551 9730.00000 3020.18519  69.0%  1523  588s
H 1047   821                    9230.0000000 3020.18519  67.3%  1569  588s
  1061   887 3021.49068   22  504 9230.00000 3020.18519  67.3%  1572  591s
  1141  1003 3030.00000   22  548 9230.00000 3020.18519  67.3%  1561  596s
  1296  1097 3030.00000   23  533 9230.00000 3020.18519  67.3%  1543  601s
  1448  1125 3030.00000   24  478 9230.00000 3020.18519  67.3%  1639  669s
H 1461  1091                    9130.0000000 3020.18519  66.9%  1637  669s
H 1466  1062                    9050.0000000 3020.18519  66.6%  1641  669s
  1530  1237 3030.00000   24  548 9050.00000 3020.18519  66.6%  1639  677s
  1747  1362 3030.00000   25  494 9050.00000 3020.18519  66.6%  1613  683s
  1956  1369 3030.00000   27  509 9050.00000 3020.18519  66.6%  1578 1363s
H 1999  1329                    9040.0000000 3020.18519  66.6%  1570 1363s
  2039  1579 3030.00000   27  502 9040.00000 3020.18519  66.6%  1557 1369s
  2314  1790 3030.00000   29  551 9040.00000 3020.18519  66.6%  1534 1378s
  2607  1865 3030.00000   30  553 9040.00000 3020.18519  66.6%  1527 1505s
  2692  2101 4030.00000   30  529 9040.00000 3020.18519  66.6%  1534 1524s
  3004  2292 3030.00000   31  528 9040.00000 3020.18519  66.6%  1531 1540s
  3340  2567 3030.00000   33  527 9040.00000 3020.18519  66.6%  1495 1556s
  3734  2622 3070.84311   34  584 9040.00000 3020.18519  66.6%  1465 1654s
  3838  2902 3030.08882   35  563 9040.00000 3020.18519  66.6%  1457 1666s
  4237  3194 3267.44036   36  586 9040.00000 3020.18519  66.6%  1436 1682s
  4637  3514 3613.28679   37  567 9040.00000 3020.18519  66.6%  1423 1698s
  5041  3588 3464.97016   40  552 9040.00000 3020.18519  66.6%  1419 1812s
  5127  3981 3645.42294   40  522 9040.00000 3020.18519  66.6%  1420 1825s
  5605  4384 4220.78977   43  547 9040.00000 3020.18519  66.6%  1407 1842s
  6168  4727 4628.91907   46  512 9040.00000 3020.18519  66.6%  1384 1858s
  6688  5181 4968.18761   53  494 9040.00000 3020.18519  66.6%  1372 1874s
  7242  5632 7002.49168   61  437 9040.00000 3020.18519  66.6%  1358 1888s
  7832  6106 6776.32238   69  449 9040.00000 3020.18519  66.6%  1350 1909s
  8503  6565 8395.01164   78  400 9040.00000 3020.18519  66.6%  1334 1919s
  9248  7056 3020.61443   23  568 9040.00000 3020.18519  66.6%  1308 1928s
  9948  7574 3030.00000   25  529 9040.00000 3020.18519  66.6%  1289 1945s
 10670  8081 3030.00000   27  516 9040.00000 3020.18519  66.6%  1271 1961s
 11368  8578 3030.00000   30  467 9040.00000 3020.18519  66.6%  1259 1979s
 11978  9166 3030.00000   33  471 9040.00000 3020.18519  66.6%  1259 2067s
 12661  9728 3030.00000   36  457 9040.00000 3020.18519  66.6%  1259 2082s
 13481 10231 3030.00000   39  482 9040.00000 3020.18519  66.6%  1248 2098s
 14139 10839 3923.59069   42  503 9040.00000 3020.18519  66.6%  1249 2158s
 14945 11591 5175.74890   46  479 9040.00000 3020.18519  66.6%  1248 2180s
 15947 12341 7533.83846   53  441 9040.00000 3020.74074  66.6%  1236 2202s
 16976 13145 3021.05856   23  553 9040.00000 3020.74074  66.6%  1220 2224s
 17941 13888 3559.44189   26  537 9040.00000 3020.74074  66.6%  1219 2291s
 18847 14827 7131.20310   30  597 9040.00000 3020.74074  66.6%  1217 2319s
 20088 15732 6887.90049   37  525 9040.00000 3020.74074  66.6%  1207 2347s
 21272 16594 3274.50000   28  538 9040.00000 3020.74074  66.6%  1208 2895s
 22426 16666 6277.50000   37  561 9040.00000 3020.74074  66.6%  1203 3633s
 22514 17699 6605.83333   38  564 9040.00000 3020.74074  66.6%  1203 3677s
 24234 18525 3020.81081   23  566 9040.00000 3020.74074  66.6%  1191 3780s
 25239 19561 3101.11111   32  529 9040.00000 3020.74074  66.6%  1200 3825s
 26546 19715 3780.76923   34  527 9040.00000 3020.74074  66.6%  1210 3943s
H26564 19582                    8840.0000000 3020.74074  65.8%  1211 3943s
 26708 20878 3781.66667   35  491 8840.00000 3020.74074  65.8%  1215 3983s
H27742 20797                    8740.0000000 3020.74074  65.4%  1221 3983s
 28283 22214 3604.62043   45  520 8740.00000 3020.74074  65.4%  1225 4027s
H28441 22112                    8640.0000000 3020.74074  65.0%  1225 4028s
 30194 22701 4939.60492   58  540 8640.00000 3020.74074  65.0%  1222 4162s
H30202 22548                    8540.0000000 3020.74074  64.6%  1222 4162s
 30922 24482 6712.77686   59  522 8540.00000 3020.74074  64.6%  1223 4209s
 33721 25802 3030.00000   34  462 8540.00000 3020.83333  64.6%  1198 4270s
 35705 25980 7317.33333   54  473 8540.00000 3020.83333  64.6%  1183 4390s
 35961 27363 8530.00000   57  380 8540.00000 3020.90909  64.6%  1184 4448s
 38307 27431 7322.30742   48  474 8540.00000 3020.90909  64.6%  1176 5377s
 38398 28700 7686.63607   49  534 8540.00000 3021.02041  64.6%  1177 5427s
 40587 29125 3280.00000   35  504 8540.00000 3021.33333  64.6%  1177 5558s
 41172 29190 3530.00000   42  509 8540.00000 3021.33333  64.6%  1180 6615s
 41265 30553 3566.85843   43  595 8540.00000 3021.33333  64.6%  1179 6859s
 43571 30625 3520.00000   33  484 8540.00000 3021.50000  64.6%  1181 7874s
 43659 32788 3520.00000   34  498 8540.00000 3021.58927  64.6%  1182 7957s
 47200 32789 7794.84912   66  452 8540.00000 3022.22222  64.6%  1190 7966s
 47202 32790 6976.85143   52  565 8540.00000 3022.22222  64.6%  1190 7971s
 47204 32792 4575.89846   53  602 8540.00000 3022.22222  64.6%  1190 7976s
 47207 32794 7633.62406   72  453 8540.00000 3022.22222  64.6%  1190 7982s
 47209 32795 4232.49852   44  517 8540.00000 3022.22222  64.6%  1190 7988s
 47211 32796 7810.32175   41  470 8540.00000 3022.22222  64.6%  1189 7993s
 47212 32797 6307.39810   53  470 8540.00000 3022.22222  64.6%  1189 7996s
 47213 32801 3022.22222   25  562 8540.00000 3022.22222  64.6%  1191 8003s
 47215 32804 3022.22222   26  551 8540.00000 3022.22222  64.6%  1191 8005s
 47227 32824 3022.22222   28  556 8540.00000 3022.22222  64.6%  1191 8013s
 47243 32851 3022.22222   29  539 8540.00000 3022.22222  64.6%  1191 8057s
 47275 32904 3034.16112   30  646 8540.00000 3022.22222  64.6%  1191 8063s
 47339 32951 3203.54636   31  620 8540.00000 3022.22222  64.6%  1194 8120s
 47419 32994 infeasible   32      8540.00000 3022.22222  64.6%  1194 8739s
 47499 33035 3209.44025   32  577 8540.00000 3022.22222  64.6%  1195 8849s
 47579 33079 3264.00821   33  611 8540.00000 3022.22222  64.6%  1196 8856s
 47659 33188 3279.93487   33  604 8540.00000 3022.22222  64.6%  1197 8868s
 47811 33273 3283.94937   34  562 8540.00000 3022.22222  64.6%  1199 8876s
 47957 33303 3264.00821   35  583 8540.00000 3022.22222  64.6%  1200 8977s
 48039 33489 3264.00821   36  578 8540.00000 3022.22222  64.6%  1201 8987s
 48259 33620 3264.00821   37  573 8540.00000 3022.22222  64.6%  1202 8992s
 48468 33775 3264.00821   39  564 8540.00000 3022.22222  64.6%  1202 9003s
 48709 33768 3398.09143   41  591 8540.00000 3022.22222  64.6%  1204 9101s
 48794 33964 3536.17265   41  582 8540.00000 3022.22222  64.6%  1205 9112s
 49045 34113 3742.88678   43  606 8540.00000 3022.22222  64.6%  1207 9123s
 49345 34271 4271.33266   45  580 8540.00000 3022.22222  64.6%  1208 9133s
 49681 34226 4526.23903   47  568 8540.00000 3022.22222  64.6%  1208 9231s
 49774 34436 4688.20319   47  553 8540.00000 3022.22222  64.6%  1208 9248s
 50161 34519 4885.01723   49  535 8540.00000 3022.22222  64.6%  1207 9259s
 50548 34632 5236.46156   51  547 8540.00000 3022.22222  64.6%  1207 9268s
 50887 34769 5686.96431   53  547 8540.00000 3022.22222  64.6%  1208 9283s
 51236 34976 7140.75246   54  566 8540.00000 3022.22222  64.6%  1210 9298s
 51614 35169 6299.86966   55  544 8540.00000 3022.22222  64.6%  1212 9310s
 52012 35409 7470.12238   58  494 8540.00000 3022.22222  64.6%  1213 9322s
 52439 35656 7569.06283   62  429 8540.00000 3022.22222  64.6%  1214 9337s
 52932 35888     cutoff   65      8540.00000 3022.22222  64.6%  1214 9353s
 53462 36140 3520.00000   35  511 8540.00000 3022.22222  64.6%  1214 9366s
 54039 36367 3770.00000   42  590 8540.00000 3022.22222  64.6%  1213 9387s
 54606 36566 4020.00000   45  541 8540.00000 3022.22222  64.6%  1213 9403s
 55120 36851 4194.43942   50  538 8540.00000 3022.22222  64.6%  1213 9415s
 55687 37140 4204.25775   51  563 8540.00000 3022.22222  64.6%  1214 9433s
 56324 37380 5183.08433   60  523 8540.00000 3022.22222  64.6%  1214 9451s
 57028 37746 3022.89157   34  610 8540.00000 3022.50000  64.6%  1213 9465s
 57704 38040 6060.70694   38  580 8540.00000 3022.50000  64.6%  1213 9529s
 58354 37997 6555.27201   39  563 8540.00000 3022.50000  64.6%  1213 9579s
 58560 38554 7055.27201   40  562 8540.00000 3022.50000  64.6%  1213 9603s
 59462 38919     cutoff   50      8540.00000 3022.50000  64.6%  1211 10120s
 60345 38693 3055.71734   36  587 8540.00000 3022.50000  64.6%  1209 10224s
 60434 39499 3087.99365   37  561 8540.00000 3022.50000  64.6%  1209 10245s
 61645 39795 4525.27778   50  465 8540.00000 3022.50000  64.6%  1206 10270s
 62695 40216 7434.00000   60  387 8540.00000 3022.52585  64.6%  1205 10297s
 63655 40769 3022.81634   32  550 8540.00000 3022.52585  64.6%  1205 10319s
 64870 40426 4907.00099   46  465 8540.00000 3022.52585  64.6%  1204 10969s
 64968 40463 5182.92118   47  467 8540.00000 3022.52585  64.6%  1204 11080s
 65055 41205 5414.80152   48  459 8540.00000 3022.52585  64.6%  1205 11115s
 66157 41695 8295.88235   55  411 8540.00000 3022.52585  64.6%  1206 11146s
 67259 41398 3030.00000   38  527 8540.00000 3022.96553  64.6%  1207 12248s
 67349 41446 3030.00000   39  519 8540.00000 3022.96553  64.6%  1207 12358s
 67431 42434 3030.00000   40  517 8540.00000 3022.96553  64.6%  1207 12849s
 68631 42107 3030.93555   42  542 8540.00000 3022.96553  64.6%  1209 13802s
 68717 43214 3030.67724   43  544 8540.00000 3022.96553  64.6%  1209 13892s
 70213 43921 3436.86328   44  497 8540.00000 3022.96553  64.6%  1210 13933s
 71866 44530 4457.73804   54  526 8540.00000 3022.96553  64.6%  1212 14032s
 73266 45602 5176.90689   57  482 8540.00000 3022.96553  64.6%  1215 14088s
 75241 45018 6174.14358   64  485 8540.00000 3022.96553  64.6%  1216 15085s
 75327 45071 6188.53070   64  503 8540.00000 3022.96553  64.6%  1216 15183s
 75415 46950 6056.76678   63  485 8540.00000 3022.96553  64.6%  1217 15236s
 77875 47749 7641.17470   70  449 8540.00000 3030.00000  64.5%  1214 15288s
 80025 48045 4340.70035   39  545 8540.00000 3030.00000  64.5%  1213 15419s
 81201 47653 3033.76804   33  663 8540.00000 3030.00000  64.5%  1216 15420s
 81276 51213 6150.80357   46  517 8540.00000 3030.00000  64.5%  1216 15512s
 86443 49663 5152.17515   42  498 8540.00000 3030.00000  64.5%  1210 15610s
 86734 52709 5236.24006   43  518 8540.00000 3030.00000  64.5%  1210 15703s
 91650 51605 3058.10827   43  520 8540.00000 3030.00000  64.5%  1203 15824s
 92305 55227 3256.51773   46  523 8540.00000 3030.00000  64.5%  1206 16059s
 97245 58802 6950.45825   73  381 8540.00000 3030.00000  64.5%  1206 16621s
 105101 56277 3504.97822   40  543 8540.00000 3030.00000  64.5%  1198 17552s
 105245 66471 3700.26970   41  532 8540.00000 3030.00000  64.5%  1198 17966s
 121295 61198 3030.00000   41  508 8540.00000 3030.00000  64.5%  1192 18972s
 121378 65325 3120.83477   44  611 8540.00000 3030.00000  64.5%  1192 19182s
 127779 66112 3663.44725   54  527 8540.00000 3030.00000  64.5%  1191 19515s
 132254 71592 7315.71429   75  359 8540.00000 3030.00000  64.5%  1191 19798s
 140869 68794 3917.81699   55  505 8540.00000 3030.00000  64.5%  1199 20795s
 140955 77556 3917.79808   55  505 8540.00000 3030.00000  64.5%  1199 21045s
 152067 76008 3614.59522   45  452 8540.00000 3030.00000  64.5%  1189 21058s
 152069 76009 3925.88255   58  500 8540.00000 3030.00000  64.5%  1189 21066s
 152071 76011 3326.33006   41  592 8540.00000 3030.00000  64.5%  1189 21070s
 152074 76013 4281.50412   70  431 8540.00000 3030.00000  64.5%  1189 21080s
 152077 76015 3192.45670   40  562 8540.00000 3030.00000  64.5%  1189 21085s
 152079 76016 7057.57728   91  501 8540.00000 3030.00000  64.5%  1189 21262s
 152080 76020 3030.00000   35  561 8540.00000 3030.00000  64.5%  1190 21268s
 152082 76023 3030.00000   36  566 8540.00000 3030.00000  64.5%  1190 21270s
 152094 76043 3030.00000   38  590 8540.00000 3030.00000  64.5%  1190 21275s
 152110 76070 3030.00000   39  589 8540.00000 3030.00000  64.5%  1190 21367s
 152142 76123 3030.00000   40  588 8540.00000 3030.00000  64.5%  1190 21374s
 152206 76182 3030.00000   41  621 8540.00000 3030.00000  64.5%  1190 21881s
 152286 76235 3030.00000   42  554 8540.00000 3030.00000  64.5%  1191 21885s
 152366 76288 3030.00000   42  577 8540.00000 3030.00000  64.5%  1192 22123s
 152446 76342 3030.00000   43  590 8540.00000 3030.00000  64.5%  1193 22129s
 152526 76473 3030.00000   43  581 8540.00000 3030.00000  64.5%  1194 22140s
 152684 76568 3030.00000   44  573 8540.00000 3030.00000  64.5%  1194 22149s
 152834 76598 3030.00000   45  562 8540.00000 3030.00000  64.5%  1195 22381s
 152914 76771 3030.00000   46  527 8540.00000 3030.00000  64.5%  1195 22393s
 153123 76891 3033.33333   47  579 8540.00000 3030.00000  64.5%  1196 22407s
 153330 76896 3030.00000   48  562 8540.00000 3030.00000  64.5%  1196 23388s
 153416 77095 3030.00000   49  538 8540.00000 3030.00000  64.5%  1196 23395s
 153674 77210 3030.00000   51  571 8540.00000 3030.00000  64.5%  1197 23402s
 153935 77161 3030.35195   52  563 8540.00000 3030.00000  64.5%  1197 24489s
 154049 77342 3034.17182   52  550 8540.00000 3030.00000  64.5%  1197 24501s
 154376 77467 3135.00000   54  530 8540.00000 3030.00000  64.5%  1198 24517s
 154734 77616 4030.95075   55  575 8540.00000 3030.00000  64.5%  1199 24529s
 155131 77551 3135.09702   56  559 8540.00000 3030.00000  64.5%  1199 25718s
 155224 77839 3135.46355   57  572 8540.00000 3030.00000  64.5%  1200 25731s
 155704 78008 4242.00000   60  535 8540.00000 3030.00000  64.5%  1200 25742s
 156178 78140 3630.00000   61  526 8540.00000 3030.00000  64.5%  1201 25761s
 156675 78045 3630.00000   63  513 8540.00000 3030.00000  64.5%  1201 26043s
 156764 78382 5035.86374   63  565 8540.00000 3030.00000  64.5%  1202 26055s
 157267 78593 4037.92096   65  522 8540.00000 3030.00000  64.5%  1202 26067s
 157798 78484 4033.95934   71  534 8540.00000 3030.00000  64.5%  1203 27150s
 157890 78514 3632.11766   72  568 8540.00000 3030.00000  64.5%  1203 27380s
 157984 79009 4042.10984   72  544 8540.00000 3030.00000  64.5%  1203 27395s
 158634 79242 4037.39740   74  542 8540.00000 3030.00000  64.5%  1204 27419s
 159379 79476 4045.43345   77  537 8540.00000 3030.00000  64.5%  1205 27438s
 160108 79305 4040.51901   81  561 8540.00000 3030.00000  64.5%  1205 27669s
 160195 79795 4032.38162   81  565 8540.00000 3030.00000  64.5%  1206 27681s
 160985 80085 4947.96905   86  549 8540.00000 3030.00000  64.5%  1206 27700s
 161890 79996 7500.08850   95  451 8540.00000 3030.00000  64.5%  1206 27945s
 162231 80434 7864.53193   97  484 8540.00000 3030.00000  64.5%  1206 27964s
 163300 80808 3450.43478   46  569 8540.00000 3030.00000  64.5%  1206 27992s
 164280 81141 3800.67956   52  578 8540.00000 3030.00000  64.5%  1207 28012s
 165402 81386 7891.76299   64  547 8540.00000 3030.00000  64.5%  1207 28040s
 166425 81678 5029.83637   49  530 8540.00000 3030.00000  64.5%  1208 28062s
 167565 81888 3030.00000   45  533 8540.00000 3030.00000  64.5%  1208 28094s
 168530 82355 3665.43118   51  514 8540.00000 3030.00000  64.5%  1209 28452s
 169481 82114 4628.74578   55  536 8540.00000 3030.00000  64.5%  1211 29601s
 169565 82163 4472.96702   55  536 8540.00000 3030.00000  64.5%  1211 29838s
 169648 82959 4596.39410   57  532 8540.00000 3030.00000  64.5%  1211 29861s
 170858 83629 5405.61358   61  463 8540.00000 3030.00000  64.5%  1213 29894s
 172165 83896 6955.66254   70  426 8540.00000 3030.00000  64.5%  1214 30157s
 173096 84822 infeasible   72      8540.00000 3030.00000  64.5%  1215 30188s
 174992 84271 3997.82151   49  565 8540.00000 3030.00000  64.5%  1214 30440s
 175092 85497 4078.83929   49  541 8540.00000 3030.00000  64.5%  1214 30480s
 176795 86163 6250.37334   54  549 8540.00000 3030.00000  64.5%  1215 30522s
 178318 86880 6280.23017   59  492 8540.00000 3030.00000  64.5%  1217 30563s
 179884 87409 6232.02342   67  415 8540.00000 3030.00000  64.5%  1218 30843s
 181104 88831 6699.90353   72  516 8540.00000 3030.00000  64.5%  1219 30883s
 183850 88046 3586.79526   49  594 8540.00000 3030.00000  64.5%  1216 31969s
 184020 89392 3743.21753   51  584 8540.00000 3030.00000  64.5%  1216 32021s
 186358 88772 4582.53423   51  593 8540.00000 3030.00000  64.5%  1215 32251s
 186546 90230 4785.41649   53  583 8540.00000 3030.00000  64.5%  1216 32307s
 189041 90613 3049.15537   51  608 8540.00000 3030.00000  64.5%  1214 32401s
 191078 90030 5421.54163   61  576 8540.00000 3030.00000  64.5%  1215 32641s
 191232 91351 6531.71357   62  533 8540.00000 3030.00000  64.5%  1215 32691s
 193432 90695 4088.58671   67  510 8540.00000 3030.00000  64.5%  1217 34031s
 193514 93791 4178.28789   68  548 8540.00000 3030.00000  64.5%  1217 34114s
 197053 92939 5030.00000   50  551 8540.00000 3030.00000  64.5%  1222 34370s
 197479 96964 5285.07739   51  573 8540.00000 3030.00000  64.5%  1221 34623s
 203419 101123 3583.09088   47  563 8540.00000 3030.00000  64.5%  1218 35318s
 213667 107284 7676.90475   75  420 8540.00000 3030.00000  64.5%  1221 35625s
 228694 102354 4145.09771   51  547 8540.00000 3030.00000  64.5%  1224 37030s
 228775 108791 4437.57853   51  542 8540.00000 3030.00000  64.5%  1224 37224s
 232976 107390 5098.94554   62  521 8540.00000 3030.00000  64.5%  1226 37225s
 237924 106085 4511.94155   56  550 8540.00000 3030.00000  64.5%  1227 37477s
 238392 112551 4620.03198   57  521 8540.00000 3030.00000  64.5%  1227 37656s
 248168 109367 3682.28481   52  609 8540.00000 3030.00000  64.5%  1225 39023s
H248239 104813                    8350.0000000 3030.00000  63.7%  1225 39023s
 248253 109456 3798.05227   53  593 8350.00000 3030.00000  63.7%  1225 39185s
 255932 128964 3083.71864   55  498 8350.00000 3030.00000  63.7%  1226 40038s
 289871 124117 3039.01569   48  638 8350.00000 3030.00000  63.7%  1225 40583s
 300254 120718 3407.19468   54  583 8350.00000 3030.00000  63.7%  1222 41728s
H300260 116430                    8250.0000000 3030.00000  63.3%  1222 41728s

Cutting planes:
  Gomory: 4
  Lift-and-project: 2
  Cover: 52
  Clique: 46
  MIR: 20
  Flow cover: 139
  GUB cover: 1
  Inf proof: 4
  Zero half: 134
  RLT: 497
  BQP: 16

Explored 300352 nodes (367114041 simplex iterations) in 41728.65 seconds (18289.34 work units)
Thread count was 80 (of 140 available processors)

Solution count 10: 8250 8350 8540 ... 9230

Solve interrupted
Best objective 8.250000000000e+03, best bound 3.030000000000e+03, gap 63.2727%
