
Gurobi 11.0.3 (linux64, Matlab) logging started Thu 31 Oct 2024 04:36:01 PM EDT

Set parameter Username
Set parameter Method to value 3
Set parameter MIPFocus to value 1
Set parameter LogFile to value "runs/PIONEER25_All_Teams_22/logfile22.txt"
Set parameter Threads to value 80
Academic license - for non-commercial use only - expires 2025-03-10
Gurobi Optimizer version 11.0.3 build v11.0.3rc0 (linux64 - "Red Hat Enterprise Linux 9.4 (Plow)")

CPU model: Intel(R) Xeon(R) CPU E5-4650 v2 @ 2.40GHz, instruction set [SSE2|AVX]
Thread count: 70 physical cores, 140 logical processors, using up to 80 threads

Optimize a model with 18007 rows, 17322 columns and 85688 nonzeros
Model fingerprint: 0x0b9fb786
Variable types: 0 continuous, 17322 integer (17322 binary)
Coefficient statistics:
  Matrix range     [1e+00, 1e+01]
  Objective range  [1e+01, 1e+05]
  Bounds range     [1e+00, 1e+00]
  RHS range        [1e+00, 5e+01]

User MIP start produced solution with objective 123460 (0.06s)
Loaded user MIP start with objective 123460

Presolve removed 1312 rows and 1671 columns
Presolve time: 0.25s
Presolved: 16695 rows, 15651 columns, 71371 nonzeros
Variable types: 0 continuous, 15651 integer (15499 binary)
Concurrent LP optimizer: primal simplex, dual simplex, and barrier
Showing barrier log only...

Root barrier log...

Ordering time: 0.43s

Barrier statistics:
 AA' NZ     : 3.800e+05
 Factor NZ  : 3.200e+06 (roughly 36 MB of memory)
 Factor Ops : 1.097e+09 (less than 1 second per iteration)
 Threads    : 78

                  Objective                Residual
Iter       Primal          Dual         Primal    Dual     Compl     Time
   0   2.28184214e+08 -2.26661386e+09  1.66e+02 1.75e+04  1.20e+06     1s
   1   7.72975963e+07 -3.74574128e+09  3.84e+01 6.40e-10  3.03e+05     2s
   2   2.41689370e+07 -1.57976881e+09  2.55e+00 1.66e-09  5.35e+04     2s
   3   1.50235873e+07 -4.53031873e+08  2.89e-01 2.91e-10  1.31e+04     2s
   4   1.02108178e+07 -7.23093244e+07  5.24e-02 1.89e-10  2.24e+03     2s
   5   4.39108584e+06 -3.42679700e+07  1.57e-02 1.52e-10  1.04e+03     2s
   6   3.11312882e+06 -1.42157499e+07  9.57e-03 2.78e-10  4.67e+02     2s
   7   2.06999270e+06 -5.81755116e+06  5.91e-03 2.30e-10  2.12e+02     2s
   8   7.12549618e+05 -1.03948482e+06  1.48e-03 3.45e-10  4.71e+01     2s

Barrier performed 8 iterations in 2.10 seconds (0.50 work units)
Barrier solve interrupted - model solved by another algorithm


Solved with dual simplex

Use crossover to convert LP symmetric solution to basic solution...

Root relaxation: objective 1.897778e+02, 4494 iterations, 2.10 seconds (0.91 work units)
Total elapsed time = 5.45s (DegenMoves)
Total elapsed time = 10.12s (DegenMoves)

    Nodes    |    Current Node    |     Objective Bounds      |     Work
 Expl Unexpl |  Obj  Depth IntInf | Incumbent    BestBd   Gap | It/Node Time

     0     0  189.77778    0  575 123460.000  189.77778   100%     -   11s
H    0     0                    122460.00000  189.77778   100%     -   11s
H    0     0                    122260.00000 1686.66667  98.6%     -   15s
     0     0 1686.66667    0  768 122260.000 1686.66667  98.6%     -   15s
     0     0 2045.00000    0  706 122260.000 2045.00000  98.3%     -   16s
     0     0 2045.00000    0  667 122260.000 2045.00000  98.3%     -   16s
     0     0 3020.00000    0  682 122260.000 3020.00000  97.5%     -   20s
H    0     0                    122160.00000 3020.00000  97.5%     -   20s
     0     0 3020.00000    0  677 122160.000 3020.00000  97.5%     -   20s
     0     0 3020.00000    0  725 122160.000 3020.00000  97.5%     -   23s
     0     0 3020.00000    0  708 122160.000 3020.00000  97.5%     -   24s
     0     0 3020.00000    0  579 122160.000 3020.00000  97.5%     -   37s
     0     0 3020.00000    0  623 122160.000 3020.00000  97.5%     -   38s
     0     0 3020.00000    0  648 122160.000 3020.00000  97.5%     -   50s
     0     2 3022.50000    0  559 122160.000 3022.50000  97.5%     -   60s
     3     8 3022.50000    2  608 122160.000 3022.50000  97.5%  5033   67s
    15    32 3022.50000    4  606 122160.000 3022.50000  97.5%  3072   73s
    31    64 3022.50000    5  627 122160.000 3022.50000  97.5%  4160  134s
    63   128 3077.63451    6  665 122160.000 3022.50000  97.5%  3511  144s
   127   208 5702.16984    7  624 122160.000 3022.50000  97.5%  4504  217s
H  143   208                    24760.000000 3022.50000  87.8%  4402  217s
H  207   288                    24560.000000 3022.50000  87.7%  3718  360s
   287   368 6671.27205    9  640 24560.0000 3022.50000  87.7%  3313  515s
H  328   368                    23850.000000 3022.50000  87.3%  3324  515s
   367   448 5976.37388    9  664 23850.0000 3022.50000  87.3%  3409  623s
H  447   530                    23750.000000 3022.50000  87.3%  3379  822s
H  448   530                    23650.000000 3022.50000  87.2%  3408  822s
   529   676 5996.52333   10  675 23650.0000 3022.50000  87.2%  3502  984s
   675   756 6633.08418   11  646 23650.0000 3022.50000  87.2%  3507 3448s
H  680   756                    23550.000000 3022.50000  87.2%  3506 3448s
H  719   756                    23540.000000 3022.50000  87.2%  3484 3448s
H  722   756                    23360.000000 3022.50000  87.1%  3474 3448s
   755  1276 6715.11196   12  655 23360.0000 3022.50000  87.1%  3538 3526s
  1282  1794 8728.68011   15  641 23360.0000 3022.50000  87.1%  3305 3626s
  1834  2620 11246.1982   19  617 23360.0000 3022.50000  87.1%  3114 3723s
  2758  2991 14625.9727   26  630 23360.0000 3022.50000  87.1%  2882 3838s
  3221  3759 19930.8009   27  622 23360.0000 3022.50000  87.1%  2740 3936s
  4140  4058 22307.5686   32  584 23360.0000 3022.50000  87.1%  2598 4030s
  4523  4783 22859.1992   38  529 23360.0000 3022.50000  87.1%  2552 4129s
  5446  5133 3225.60209   12  673 23360.0000 3022.50000  87.1%  2481 4233s
  5882  6027 4448.80027   13  678 23360.0000 3022.50000  87.1%  2448 4467s
  6951  7051 9890.74180   21  614 23360.0000 3022.50000  87.1%  2400 4565s
  8204  7815 16390.4012   30  624 23360.0000 3022.50000  87.1%  2331 4662s
  9247  7816 5020.00000   29  648 23360.0000 3022.50000  87.1%  2305 4669s
  9249  7817 3167.72094   27  575 23360.0000 3167.72094  86.4%  2304 4729s
  9250  7818 13966.2932   40  687 23360.0000 3167.72094  86.4%  2304 4732s
  9251  7819 14388.7570   55  725 23360.0000 3167.72094  86.4%  2304 4735s
  9252  7819 3167.72094   20  700 23360.0000 3167.72094  86.4%  2303 4799s
  9253  7820 3570.38433   41  728 23360.0000 3167.72094  86.4%  2303 4805s
  9256  7822 11801.9292   30  723 23360.0000 3228.89103  86.2%  2302 4811s
  9259  7824 20008.8889   59  690 23360.0000 3262.95434  86.0%  2302 4815s
  9262  7826 7657.57904   54  706 23360.0000 3263.33608  86.0%  2301 4882s
  9264  7827 18914.5352   79  705 23360.0000 3569.09001  84.7%  2300 4886s
  9271  7832 7976.67741   32  670 23360.0000 3584.70524  84.7%  2299 4902s
  9274  7834 8816.25000   33  671 23360.0000 3644.74254  84.4%  2298 4905s
  9279  7837 3645.22466   14  670 23360.0000 3645.22466  84.4%  2297 4950s
  9284  7842 3885.53626   13  620 23360.0000 3885.53626  83.4%  2304 4989s
  9285  7843 3885.53626   34  764 23360.0000 3885.53626  83.4%  2304 4992s
  9286  7844 6439.46753   25  718 23360.0000 3885.53626  83.4%  2303 5039s
  9287  7844 14641.2500   50  726 23360.0000 3885.53626  83.4%  2303 5041s
  9288  7845 14964.1909   53  710 23360.0000 3885.53626  83.4%  2303 5047s
  9290  7846 9395.57214   30  729 23360.0000 3885.53626  83.4%  2302 5051s
  9293  7848 3885.53626   23  736 23360.0000 3885.53626  83.4%  2302 5055s
  9301  7854 3885.74624   24  653 23360.0000 3885.74624  83.4%  2300 5097s
  9302  7854 3956.44922   41  587 23360.0000 3956.44922  83.1%  2299 5101s
  9308  7858 8500.30979   18  687 23360.0000 3975.82116  83.0%  2298 5167s
  9312  7861 7194.79895   31  706 23360.0000 4008.18902  82.8%  2297 5223s
  9317  7865 17064.0300   44  528 23360.0000 4012.02862  82.8%  2303 5262s
  9318  7866 19084.1127   38  716 23360.0000 4012.02862  82.8%  2303 5265s
  9319  7867 15779.9595   38  700 23360.0000 4012.02862  82.8%  2303 5287s
  9320  7867 4012.02862   16  724 23360.0000 4012.02862  82.8%  2303 5290s
  9322  7869 10013.7849   45  741 23360.0000 4012.02862  82.8%  2302 5296s
  9324  7870 6286.41974   34  690 23360.0000 4012.02862  82.8%  2302 5300s
  9329  7873 13833.8071   33  659 23360.0000 4014.88552  82.8%  2300 5342s
  9330  7874 5146.68294   36  635 23360.0000 4047.32951  82.7%  2300 5348s
  9332  7875 11735.3730   44  683 23360.0000 4047.47822  82.7%  2300 5404s
  9333  7876 4051.72397   24  683 23360.0000 4051.72397  82.7%  2299 5405s
  9337  7879 5901.15244   21  667 23360.0000 4063.54504  82.6%  2298 5464s
  9338  7879 20510.2018   62  714 23360.0000 4081.41474  82.5%  2298 5465s
  9342  7883 4081.41474   19  620 23360.0000 4081.41474  82.5%  2304 5514s
  9343  7884 4081.41474   14  734 23360.0000 4081.41474  82.5%  2304 5526s
  9344  7885 4081.41474    8  725 23360.0000 4081.41474  82.5%  2304 5684s
  9345  7885 16938.4187   49  708 23360.0000 4081.41474  82.5%  2304 5723s
  9346  7886 13446.6039   46  719 23360.0000 4081.41474  82.5%  2303 5745s
  9347  7887 5020.00000   29  707 23360.0000 4081.41474  82.5%  2303 5760s
  9348  7887 8785.14226   42  737 23360.0000 4081.41474  82.5%  2303 5766s
  9349  7888 4081.41474   27  746 23360.0000 4081.41474  82.5%  2303 5775s
  9350  7889 13966.2932   40  692 23360.0000 4081.41474  82.5%  2302 5784s
  9351  7889 14388.7570   55  698 23360.0000 4081.41474  82.5%  2302 5791s
  9352  7890 4082.42975   20  707 23360.0000 4082.42975  82.5%  2302 5795s
  9354  7891 4173.64067   18  717 23360.0000 4173.64067  82.1%  2301 5906s
  9356  7893 11801.9292   30  739 23360.0000 4222.29470  81.9%  2301 5910s
  9359  7895 20008.8889   59  735 23360.0000 4223.47591  81.9%  2300 5989s
  9360  7895 10068.4586   51  753 23360.0000 4356.02802  81.4%  2300 5991s
  9365  7899 4406.90259   14  740 23360.0000 4406.90259  81.1%  2299 6063s
  9366  7899 22141.8184   53  742 23360.0000 4478.70125  80.8%  2298 6065s
  9370  7903 17602.0854   38  620 23360.0000 4478.70125  80.8%  2304 6131s
  9371  7904 7976.67741   32  751 23360.0000 4478.70125  80.8%  2304 6136s
  9372  7905 8558.16057   24  734 23360.0000 4478.70125  80.8%  2303 6255s
  9373  7905 6249.76233   57  686 23360.0000 4478.70125  80.8%  2303 6265s
  9375  7907 8301.01324   23  742 23360.0000 4478.70125  80.8%  2303 6271s
  9377  7908 10304.4981   46  753 23360.0000 4478.70125  80.8%  2302 6275s
  9379  7909 4514.14926   14  766 23360.0000 4514.14926  80.7%  2302 6280s
  9386  7914 6439.46753   25  749 23360.0000 4516.09190  80.7%  2300 6297s
  9388  7915 14964.1909   53  750 23360.0000 4585.24767  80.4%  2299 6300s
  9395  7920 22393.6667   39  748 23360.0000 4595.14741  80.3%  2298 6315s
  9396  7921 4651.49328   22  734 23360.0000 4651.49328  80.1%  2297 6320s
  9399  7923 11404.2002   30  728 23360.0000 4658.53296  80.1%  2297 6407s
  9400  7923 12274.1479   32  777 23360.0000 4685.13440  79.9%  2296 6410s
  9404  7927 17830.7639   51  620 23360.0000 4685.13440  79.9%  2302 6623s
  9405  7928 9691.75999   45  721 23360.0000 4685.13440  79.9%  2302 6647s
  9406  7929 10679.0899   17  700 23360.0000 4685.13440  79.9%  2302 6807s
  9407  7929 16483.8470   47  759 23360.0000 4685.13440  79.9%  2301 6813s
  9408  7930 8500.30979   18  720 23360.0000 4685.13440  79.9%  2301 6816s
  9411  7932 12663.4257   37  770 23360.0000 4685.13440  79.9%  2300 6820s
  9417  7936 17064.0300   44  683 23360.0000 4686.73736  79.9%  2299 6876s
  9422  7939 10013.7849   45  775 23360.0000 4819.25240  79.4%  2298 6889s
  9423  7940 5732.25983   30  786 23360.0000 4858.39744  79.2%  2298 6890s
  9427  7943 6556.30168   24  757 23360.0000 4860.84283  79.2%  2297 6904s
  9430  7946 5146.68294   36  648 23360.0000 4872.26645  79.1%  2302 6905s
  9432  7947 11735.3730   44  620 23360.0000 4872.26645  79.1%  2302 6962s
  9433  7948 4872.26645   24  754 23360.0000 4872.26645  79.1%  2301 6986s
  9434  7949 8799.98927   21  707 23360.0000 4872.26645  79.1%  2301 7083s
  9435  7949 18098.7472   53  777 23360.0000 4872.26645  79.1%  2301 7088s
  9436  7950 12940.5052   23  703 23360.0000 4872.26645  79.1%  2301 7090s
  9440  7953 4872.26645   12  782 23360.0000 4872.26645  79.1%  2300 7096s
  9444  7955 4873.35355    8  780 23360.0000 4873.35355  79.1%  2299 7105s
  9451  7960 14388.7570   55  720 23360.0000 5179.13429  77.8%  2297 7192s
  9454  7962 5209.44486   18  768 23360.0000 5209.44486  77.7%  2296 7207s
  9459  7966 20008.8889   59  620 23360.0000 5215.98996  77.7%  2301 7284s
  9460  7967 10068.4586   51  754 23360.0000 5215.98996  77.7%  2301 7292s
  9461  7968 5268.59556   16  731 23360.0000 5268.59556  77.4%  2301 7425s
  9462  7968 7657.57904   54  732 23360.0000 5268.59556  77.4%  2300 7438s
  9463  7969 9083.79663   28  731 23360.0000 5268.59556  77.4%  2300 7446s
  9464  7970 18914.5352   79  754 23360.0000 5268.59556  77.4%  2300 7450s
  9465  7970 5268.59556   14  760 23360.0000 5268.59556  77.4%  2300 7455s
  9467  7972 5268.59556    7  741 23360.0000 5268.59556  77.4%  2299 7461s
  9470  7974 17602.0854   38  766 23360.0000 5268.59556  77.4%  2299 7465s
  9471  7974 7976.67741   32  753 23360.0000 5268.59556  77.4%  2298 7483s
  9472  7975 8558.16057   24  844 23360.0000 5285.44027  77.4%  2298 7485s
  9479  7980 5311.67127   14  819 23360.0000 5311.67127  77.3%  2296 7490s
  9484  7984 5312.87519   13  620 23360.0000 5312.87519  77.3%  2301 7559s
  9485  7985 5312.87519   34  749 23360.0000 5312.87519  77.3%  2301 7574s
  9486  7986 6439.46753   25  709 23360.0000 5312.98971  77.3%  2301 7718s
  9487  7986 14641.2500   50  779 23360.0000 5312.98971  77.3%  2301 7741s
  9488  7987 14964.1909   53  753 23360.0000 5312.98971  77.3%  2300 7754s
  9489  7988 5312.98971   24  713 23360.0000 5312.98971  77.3%  2300 7761s
  9490  7988 9395.57214   30  759 23360.0000 5312.98971  77.3%  2300 7766s
  9491  7989 7198.08806   31  774 23360.0000 5312.98971  77.3%  2300 7770s
  9493  7990 5312.98971   23  773 23360.0000 5312.98971  77.3%  2299 7776s
  9494  7991 10762.3203   26  742 23360.0000 5312.98971  77.3%  2299 7780s
  9496  7992 5312.98971   22  776 23360.0000 5312.98971  77.3%  2299 7786s
  9500  7995 12274.1479   32  760 23360.0000 5313.00445  77.3%  2298 7799s
  9501  7996 5320.88435   24  810 23360.0000 5320.88435  77.2%  2297 7801s
  9504  7998 17830.7639   51  749 23360.0000 5329.03520  77.2%  2297 7815s
  9507  8000 16483.8470   47  762 23360.0000 5332.05934  77.2%  2296 7828s
  9512  8004 7194.79895   31  620 23360.0000 5356.12145  77.1%  2301 7872s
  9513  8005 5356.12145   27  731 23360.0000 5356.12145  77.1%  2301 7875s
  9514  8006 7139.40463   24  698 23360.0000 5356.12145  77.1%  2300 7925s
  9515  8006 20654.2982   74  755 23360.0000 5356.12145  77.1%  2300 7931s
  9517  8008 17064.0300   44  765 23360.0000 5356.12145  77.1%  2300 7935s
  9522  8011 10013.7849   45  786 23360.0000 5356.12145  77.1%  2299 7940s
  9526  8014 20765.2532   59  735 23360.0000 5356.86734  77.1%  2298 7975s
  9529  8016 13833.8071   33  793 23360.0000 5400.16000  76.9%  2297 7992s
  9530  8016 5449.51136   36  791 23360.0000 5449.51136  76.7%  2297 7997s
  9532  8018 11735.3730   44  787 23360.0000 5450.56362  76.7%  2296 8013s
  9537  8022 5901.15244   21  620 23360.0000 5451.36849  76.7%  2301 8076s
  9538  8023 20510.2018   62  749 23360.0000 5451.36849  76.7%  2301 8083s
  9539  8024 16267.2505   19  724 23360.0000 5451.52303  76.7%  2300 8233s
  9540  8024 5451.52303   12  719 23360.0000 5451.52303  76.7%  2300 8250s
  9542  8026 5451.52303   19  750 23360.0000 5451.52303  76.7%  2300 8255s
  9544  8027 5451.52303    8  731 23360.0000 5451.52303  76.7%  2299 8260s
  9547  8029 5451.52303   29  799 23360.0000 5451.52303  76.7%  2298 8265s
  9553  8033 5452.04472   41  755 23360.0000 5452.04472  76.7%  2297 8277s
  9555  8034 17324.5175   46  781 23360.0000 5457.20105  76.6%  2296 8291s
  9558  8036 14477.8371   37  802 23360.0000 5468.39201  76.6%  2296 8295s
  9560  8038 10068.4586   51  794 23360.0000 5468.50343  76.6%  2295 8310s
  9565  8042 5567.08176   14  528 23360.0000 5567.08176  76.2%  2300 8370s
  9566  8043 22141.8184   53  711 23360.0000 5567.08176  76.2%  2300 8375s
  9567  8044 5567.08176    7  747 23360.0000 5567.08176  76.2%  2300 8384s
  9568  8044 9611.34696   46  694 23360.0000 5567.08176  76.2%  2299 8388s
  9569  8045 5567.08176   29  759 23360.0000 5567.08176  76.2%  2299 8391s
  9571  8046 7976.67741   32  757 23360.0000 5567.08176  76.2%  2299 8396s
  9574  8048 8816.25000   33  795 23360.0000 5567.08176  76.2%  2298 8400s
  9578  8051 19966.8046   60  767 23360.0000 5567.08176  76.2%  2297 8405s
  9582  8054 8036.61824   43  747 23360.0000 5567.08176  76.2%  2296 8475s
  9587  8057 14641.2500   50  802 23360.0000 5567.08176  76.2%  2295 8480s
  9591  8060 7198.08806   31  792 23360.0000 5567.08176  76.2%  2294 8492s
  9594  8062 10762.3203   26  819 23360.0000 5590.64419  76.1%  2293 8495s
  9604  8069 17830.7639   51  620 23360.0000 5749.21483  75.4%  2298 8534s
  9605  8070 9691.75999   45  721 23360.0000 5749.21483  75.4%  2298 8537s
  9606  8071 10679.0899   17  729 23360.0000 5749.21483  75.4%  2298 8542s
  9607  8071 16483.8470   47  753 23360.0000 5749.21483  75.4%  2298 8545s
  9610  8073 18655.3241   51  761 23360.0000 5749.21483  75.4%  2297 8550s
  9614  8076 7139.40463   24  758 23360.0000 5762.44974  75.3%  2296 8555s
  9619  8079 15779.9595   38  774 23360.0000 5780.21410  75.3%  2295 8564s
  9620  8080 5850.69461   16  783 23360.0000 5850.69461  75.0%  2295 8565s
  9623  8082 5850.97163   30  784 23360.0000 5850.97163  75.0%  2294 8574s
  9624  8083 6286.41974   34  803 23360.0000 5863.75491  74.9%  2294 8575s
  9627  8085 6556.30168   24  808 23360.0000 5864.25353  74.9%  2293 8591s
  9630  8087 5910.08536   36  788 23360.0000 5910.08536  74.7%  2292 8602s
  9635  8091 18098.7472   53  620 23360.0000 5919.04318  74.7%  2297 8639s
  9636  8092 12940.5052   23  742 23360.0000 5919.04318  74.7%  2297 8664s
  9637  8093 5919.04318   21  728 23360.0000 5919.04318  74.7%  2297 8672s
  9638  8093 20510.2018   62  704 23360.0000 5919.04318  74.7%  2297 8677s
  9639  8094 16267.2505   19  698 23360.0000 5919.04318  74.7%  2297 8680s
  9642  8096 5919.04318   19  755 23360.0000 5919.04318  74.7%  2296 8686s
  9644  8097 5919.04318    8  768 23360.0000 5919.04318  74.7%  2295 8692s
  9646  8099 13446.6039   46  806 23360.0000 5919.04318  74.7%  2295 8695s
  9652  8103 5919.04318   20  793 23360.0000 5919.04318  74.7%  2293 8700s
  9657  8106 18813.0106   57  839 23360.0000 5919.04318  74.7%  2292 8705s
  9663  8110 9083.79663   28  821 23360.0000 5919.04318  74.7%  2291 8710s
  9666  8112 22141.8184   53  800 23360.0000 5919.04318  74.7%  2290 8725s
  9667  8113 5919.04318    7  796 23360.0000 5919.04318  74.7%  2290 8732s
  9668  8113 9611.34696   46  796 23360.0000 5919.48770  74.7%  2290 8761s
  9669  8117 7349.12043  140  710 23360.0000 5948.08465  74.5%  2299 8778s
  9671  8120 10251.7340  141  764 23360.0000 6464.98781  72.3%  2299 8806s
  9675  8127 10263.5185  142  745 23360.0000 6734.81539  71.2%  2299 8818s
  9683  8140 11445.3484  143  745 23360.0000 6805.45414  70.9%  2298 8829s
  9699  8167 15216.6201  144  717 23360.0000 6880.03202  70.5%  2299 8890s
  9731  8218     cutoff  145      23360.0000 6913.72750  70.4%  2300 8914s
  9795  8275 7937.33872  146  823 23360.0000 7342.29095  68.6%  2307 8961s
  9875  8322 8818.06276  147  771 23360.0000 7551.55697  67.7%  2311 8971s
  9955  8372 9053.90162  148  779 23360.0000 7559.02657  67.6%  2315 9165s
 10035  8421 9220.23935  149  766 23360.0000 7559.02657  67.6%  2320 9467s
 10115  8518 10183.3408  150  754 23360.0000 7559.02657  67.6%  2330 9520s
 10251  8551 11890.3094  149  725 23360.0000 7559.02657  67.6%  2341 10527s
 10333  8643 11775.5102  151  708 23360.0000 7559.02657  67.6%  2343 10584s
 10470  8723 11890.3094  150  709 23360.0000 7559.02657  67.6%  2364 10666s
 10627  8794 13102.3689  151  745 23360.0000 7559.02657  67.6%  2374 10706s
 10811  8864 13087.6082  152  742 23360.0000 7559.02657  67.6%  2382 10761s
 11013  8907 14497.5168  153  705 23360.0000 7559.02657  67.6%  2386 10785s
 11213  8974 11986.4929  152  723 23360.0000 7559.02657  67.6%  2390 10813s
 11434  9020 15825.1823  156  675 23360.0000 7559.02657  67.6%  2390 10849s
 11683  9105 17031.4224  158  685 23360.0000 7559.02657  67.6%  2385 10897s
 11926  9167 16795.2719  157  676 23360.0000 7559.02657  67.6%  2383 10938s
 12176  9221 17677.7064  158  656 23360.0000 7559.02657  67.6%  2383 10977s
 12424  9327 17590.1170  159  684 23360.0000 7559.02657  67.6%  2384 11001s
 12668  9431 21524.9488  160  636 23360.0000 7559.02657  67.6%  2384 11073s
 12925  9539 21238.8084  160  634 23360.0000 7559.02657  67.6%  2388 11111s
 13171  9673     cutoff  162      23360.0000 7671.05987  67.2%  2395 11178s
 13463  9782 9135.18694  149  759 23360.0000 7671.05987  67.2%  2394 11202s
 13773  9886 10395.4869  152  726 23360.0000 7671.05987  67.2%  2391 11237s
 14122  9998 13637.5370  155  709 23360.0000 7671.05987  67.2%  2384 11296s
 14496 10130 15406.2028  158  693 23360.0000 7671.05987  67.2%  2375 11337s
 14864 10273 20952.5941  161  633 23360.0000 7671.05987  67.2%  2370 11376s
 15242 10434 21753.2923  163  614 23360.0000 7671.05987  67.2%  2367 11420s
 15594 10576     cutoff  166      23360.0000 7847.49504  66.4%  2371 11457s
 15957 10627 11789.4253  148  698 23360.0000 7847.49504  66.4%  2371 11502s
 16242 10852 14146.9754  150  711 23360.0000 7847.49504  66.4%  2368 11539s
 16678 11025 17246.7073  152  714 23360.0000 7847.49504  66.4%  2362 11584s
 17169 11212     cutoff  156      23360.0000 7847.49504  66.4%  2356 11626s
 17624 11470 19910.1422  160  651 23360.0000 7847.49504  66.4%  2354 11678s
 18142 11732 20225.7842  165  534 23360.0000 7847.49504  66.4%  2350 11707s
 18727 11974 21510.7140  178  507 23360.0000 8030.69977  65.6%  2338 11747s
 19359 12168 10335.1240  150  760 23360.0000 8030.69977  65.6%  2324 11778s
 19978 12409 12490.5403  155  731 23360.0000 8030.69977  65.6%  2316 11808s
 20638 12680 15505.1502  161  687 23360.0000 8030.69977  65.6%  2305 12002s
 21305 13054 17575.4595  166  611 23360.0000 8030.69977  65.6%  2297 12031s
 22111 13419 18883.0174  174  644 23360.0000 8030.69977  65.6%  2280 12062s
 22988 13706     cutoff  181      23360.0000 8431.70326  63.9%  2263 12112s
 23925 13835 11376.7864  148  721 23360.0000 8722.57362  62.7%  2247 12145s
 24607 14227 10599.1745  150  722 23360.0000 8722.57362  62.7%  2240 12175s
 25498 14408 14960.9102  153  699 23360.0000 8722.57362  62.7%  2231 12209s
 26302 14650 16559.7300  155  683 23360.0000 8722.57362  62.7%  2229 12239s
 27170 14775 21588.5267  158  659 23360.0000 8722.57362  62.7%  2225 12274s
 28055 14835 21979.5379  162  607 23360.0000 8722.57362  62.7%  2222 12309s
 28870 15004     cutoff  169      23360.0000 8857.42639  62.1%  2218 12348s
 29719 15201 16331.7954  155  745 23360.0000 8857.42639  62.1%  2223 12385s
 30580 15347 17821.3473  157  716 23360.0000 8926.79715  61.8%  2227 12428s
 31548 15607 9658.08402  149  766 23360.0000 9154.17468  60.8%  2227 12466s
 32469 15960 14907.5821  158  697 23360.0000 9154.17468  60.8%  2233 12503s
 33574 16338 20555.0438  172  661 23360.0000 9154.17468  60.8%  2229 12542s
 34847 16778 22756.6683  190  563 23360.0000 9625.63642  58.8%  2220 12575s
 36194 17239 15438.6693  155  712 23360.0000 9625.63642  58.8%  2208 12614s
 37556 17891     cutoff  164      23360.0000 9625.63642  58.8%  2198 12650s
 38676 18554     cutoff  173      23360.0000 9663.06746  58.6%  2201 12690s
 39926 19303 12702.4115  155  718 23360.0000 9808.29648  58.0%  2201 12736s
 41228 20120 20497.5375  165  662 23360.0000 9808.29648  58.0%  2203 12777s
 42462 21266 23254.9157  174  613 23360.0000 10027.8119  57.1%  2210 12813s
 43901 22662 14029.0294  156  690 23360.0000 10192.3900  56.4%  2212 12852s
 45622 25116 16549.6396  155  709 23360.0000 10318.0228  55.8%  2203 12920s
 48908 26153 21125.7008  165  637 23360.0000 11035.2407  52.8%  2174 12952s
 50512 27029 17115.4691  155  730 23360.0000 11035.2407  52.8%  2164 13030s
 52047 27956 23114.3680  162  613 23360.0000 11042.9712  52.7%  2158 13135s
 53522 28798 16992.7489  161  697 23360.0000 11219.3223  52.0%  2158 13216s
 55027 29467     cutoff  177      23360.0000 11311.8600  51.6%  2160 13395s
 56450 30370 21252.0189  159  652 23360.0000 11424.3117  51.1%  2165 13503s
 58129 31541 23010.9595  182  529 23360.0000 11427.9876  51.1%  2171 13590s
 59971 31748 19720.3128  164  684 23360.0000 11511.7037  50.7%  2175 13834s
 60316 32844 20142.4565  166  650 23360.0000 11529.5002  50.6%  2177 13950s
 62638 33949 16539.8011  153  720 23360.0000 11618.2734  50.3%  2174 14067s
 64767 35082 15906.0609  155  605 23360.0000 11714.6751  49.9%  2178 14182s
 67081 36433 21614.1650  161  638 23360.0000 11746.9099  49.7%  2179 14314s
 69359 38808 15017.5879  157  719 23360.0000 11746.9099  49.7%  2185 14422s
 71962 42270 17940.7539  167  655 23360.0000 11746.9099  49.7%  2189 14536s
 75994 45288 19578.8517  178  596 23360.0000 11808.6087  49.4%  2161 14612s
 80106 47577 12906.1072  153  751 23360.0000 11837.9680  49.3%  2132 14672s
 82732 50562 17560.6862  160  707 23360.0000 11837.9680  49.3%  2133 14736s
 86180 50824 17899.0364  169  685 23360.0000 11837.9680  49.3%  2118 14839s
 86488 54412 18085.9670  170  667 23360.0000 11837.9680  49.3%  2116 14917s
 91021 54488 19511.0349  190  593 23360.0000 11837.9680  49.3%  2091 15432s
 91104 57500 19619.4606  190  609 23360.0000 11881.2928  49.1%  2091 15503s
 94909 61134 13416.0698  153  758 23360.0000 11933.2803  48.9%  2076 15648s
 101089 62868 21852.1986  158  608 23360.0000 12148.8932  48.0%  2071 15739s
 104432 64729 17015.7273  160  698 23360.0000 12224.6858  47.7%  2074 15840s
 107999 66594 12916.2119  157  711 23360.0000 12300.9539  47.3%  2078 16009s
 111715 68470 21884.6321  169  572 23360.0000 12374.9250  47.0%  2083 16241s
 115634 70523 16464.5613  162  725 23360.0000 12445.2263  46.7%  2088 16488s
 119456 72830 16454.0154  158  712 23360.0000 12532.4431  46.4%  2092 16650s
 124041 74961 20211.0508  160  681 23360.0000 12590.6953  46.1%  2097 16801s
 128467 77012     cutoff  165      23360.0000 12674.8348  45.7%  2104 16963s
 132969 81052 19731.6585  160  728 23360.0000 12762.1992  45.4%  2114 17119s
 139156 84106 22805.9281  159  618 23360.0000 12823.3116  45.1%  2109 17289s
 139924 84106 14901.9974  153  676 23360.0000 12834.0822  45.1%  2109 17290s
 144754 90081 14689.1163  152  673 23360.0000 12886.1079  44.8%  2108 17621s
 154920 92292 20679.2748  163  639 23360.0000 12925.4920  44.7%  2086 18068s
 159139 98370 15519.8986  157  650 23360.0000 12970.7635  44.5%  2091 18699s
 166077 101675 18288.6632  180  631 23360.0000 12970.7635  44.5%  2076 19478s
 171121 107527 19805.3276  194  585 23360.0000 12993.5160  44.4%  2068 19949s
 176118 107527 16908.5572  157  679 23360.0000 13050.9136  44.1%  2063 19950s
 178491 113994 21791.1667  171  585 23360.0000 13053.3105  44.1%  2060 20473s
 189332 119060 16876.5159  156  726 23360.0000 13141.9839  43.7%  2051 20873s
 196835 127876 22963.0178  174  556 23360.0000 13232.0386  43.4%  2057 21291s
 209692 131700 17727.1288  177  627 23360.0000 13272.4298  43.2%  2044 21503s
 216517 134934     cutoff  160      23360.0000 13345.1432  42.9%  2044 21700s
 223062 138181 16272.1617  155  679 23360.0000 13418.9540  42.6%  2049 22062s
 229873 141999     cutoff  161      23360.0000 13460.1350  42.4%  2053 22363s
 239967 150479 20033.0000  166  495 23360.0000 13529.0684  42.1%  2055 22638s
 250852 160381     cutoff  158      23360.0000 13583.7182  41.9%  2047 22969s
 264143 163429 17086.6299  161  762 23360.0000 13632.5181  41.6%  2037 23230s
 270112 166518     cutoff  160      23360.0000 13658.8958  41.5%  2037 23422s
 276721 168583 21060.1727  170  606 23360.0000 13728.1215  41.2%  2041 23595s
 280940 172448 20882.1073  157  640 23360.0000 13762.7828  41.1%  2043 23832s
 290768 176472 14744.4089  157  715 23360.0000 13800.5702  40.9%  2043 24047s
 298985 181290 17011.6856  155  695 23360.0000 13857.8195  40.7%  2046 24295s
 308746 185495 14566.9000  160  706 23360.0000 13928.3392  40.4%  2050 24497s
 316975 192733 17356.5677  164  681 23360.0000 13982.0711  40.1%  2052 24711s
 326649 199077 22487.0950  165  588 23360.0000 14009.0597  40.0%  2048 24909s
 336203 203315 21102.8338  163  658 23360.0000 14028.4256  39.9%  2042 25087s
 343948 207002     cutoff  167      23360.0000 14059.6950  39.8%  2041 25836s
 351183 214556 18691.2057  154  690 23360.0000 14092.9816  39.7%  2041 26143s
 362287 220930 21683.1370  184  566 23360.0000 14145.8068  39.4%  2038 26417s
 372187 224973 16556.8565  155  706 23360.0000 14173.0992  39.3%  2030 26674s
 379228 232090 16253.1392  159  701 23360.0000 14206.5752  39.2%  2031 26963s
 389052 234032     cutoff  165      23360.0000 14213.2595  39.2%  2022 27194s
 392303 240071 15080.7654  178  631 23360.0000 14225.9679  39.1%  2022 27413s
 403169 246635 17981.1503  159  680 23360.0000 14253.2758  39.0%  2013 27826s
 414921 250942 19083.0866  174  625 23360.0000 14292.4936  38.8%  2009 28097s
 424323 250992     cutoff  160      23360.0000 14303.1617  38.8%  2002 29366s
H424349 249317                    23230.000000 14303.1617  38.4%  2002 29367s

Cutting planes:
  Gomory: 5
  Lift-and-project: 51
  Cover: 84
  Clique: 1
  MIR: 87
  StrongCG: 6
  Flow cover: 192
  GUB cover: 33
  Inf proof: 11
  Zero half: 75
  RLT: 992
  BQP: 140

Explored 424430 nodes (849929093 simplex iterations) in 29367.34 seconds (12736.78 work units)
Thread count was 80 (of 140 available processors)

Solution count 10: 23230 23360 23540 ... 24560

Solve interrupted
Best objective 2.323000000000e+04, best bound 1.431000000000e+04, gap 38.3986%
