
Gurobi 11.0.3 (linux64, Matlab) logging started Wed 09 Oct 2024 09:10:56 PM EDT

Set parameter Username
Set parameter Method to value 3
Set parameter MIPFocus to value 1
Set parameter LogFile to value "runs/PIONEER25_All_Teams_9/logfile9.txt"
Set parameter Threads to value 80
Academic license - for non-commercial use only - expires 2025-04-09
Gurobi Optimizer version 11.0.3 build v11.0.3rc0 (linux64 - "Red Hat Enterprise Linux 9.4 (Plow)")

CPU model: Intel(R) Xeon(R) CPU E5-4650 v2 @ 2.40GHz, instruction set [SSE2|AVX]
Thread count: 70 physical cores, 140 logical processors, using up to 80 threads

Optimize a model with 17786 rows, 15658 columns and 70138 nonzeros
Model fingerprint: 0xe23600ae
Variable types: 0 continuous, 15658 integer (15658 binary)
Coefficient statistics:
  Matrix range     [1e+00, 1e+01]
  Objective range  [1e+01, 3e+04]
  Bounds range     [1e+00, 1e+00]
  RHS range        [1e+00, 5e+01]

User MIP start did not produce a new incumbent solution

Presolve removed 4228 rows and 2818 columns
Presolve time: 0.43s
Presolved: 13558 rows, 12840 columns, 50350 nonzeros
Variable types: 0 continuous, 12840 integer (12819 binary)
Concurrent LP optimizer: primal simplex, dual simplex, and barrier
Showing barrier log only...

Root barrier log...

Ordering time: 0.47s

Barrier statistics:
 AA' NZ     : 2.150e+05
 Factor NZ  : 2.004e+06 (roughly 25 MB of memory)
 Factor Ops : 5.618e+08 (less than 1 second per iteration)
 Threads    : 77

                  Objective                Residual
Iter       Primal          Dual         Primal    Dual     Compl     Time
   0   2.85987523e+08 -8.04460018e+08  8.86e+01 1.03e+04  5.17e+05     2s
   1   1.09823797e+08 -1.28583000e+09  2.60e+01 3.35e-10  1.56e+05     2s
   2   3.64980983e+07 -5.22642372e+08  4.37e+00 4.22e-10  2.74e+04     2s
   3   1.86535132e+07 -2.36744809e+08  3.87e-01 1.93e-10  8.98e+03     2s
   4   8.19519590e+06 -2.45782881e+07  6.45e-02 9.09e-11  1.11e+03     2s
   5   2.39705106e+06 -4.12654728e+06  1.09e-02 9.87e-11  2.19e+02     2s
   6   4.69227227e+05 -8.89302128e+05  2.41e-03 1.61e-10  4.57e+01     2s
   7   1.17443275e+05 -3.11767067e+05  5.73e-04 1.62e-10  1.44e+01     2s
   8   3.51150251e+04 -6.32247347e+04  1.59e-04 1.46e-10  3.30e+00     2s
   9   1.50121070e+04 -8.19564271e+03  6.59e-05 1.43e-10  7.80e-01     3s

Barrier performed 9 iterations in 2.53 seconds (0.39 work units)
Barrier solve interrupted - model solved by another algorithm


Solved with dual simplex

Use crossover to convert LP symmetric solution to basic solution...

Root relaxation: objective 3.453333e+02, 4017 iterations, 2.25 seconds (0.72 work units)
Total elapsed time = 6.57s (DegenMoves)
Total elapsed time = 11.27s (DegenMoves)
Another try with MIP start

    Nodes    |    Current Node    |     Objective Bounds      |     Work
 Expl Unexpl |  Obj  Depth IntInf | Incumbent    BestBd   Gap | It/Node Time

     0     0  345.33333    0  502          -  345.33333      -     -   12s
H    0     0                    5.716317e+07  512.00000   100%     -   13s
     0     0 2020.00000    0  612 5.7163e+07 2020.00000   100%     -   16s
H    0     0                    1066870.0000 2020.00000   100%     -   16s
H    0     0                    660270.00000 2020.00000   100%     -   17s
     0     0 3020.00000    0  635 660270.000 3020.00000   100%     -   20s
     0     0 3020.00000    0  613 660270.000 3020.00000   100%     -   20s
     0     0 3022.15054    0  672 660270.000 3022.15054   100%     -   24s
H    0     0                    639270.00000 3022.15054   100%     -   24s
     0     0 3022.77778    0  637 639270.000 3022.77778   100%     -   25s
     0     0 3022.77778    0  628 639270.000 3022.77778   100%     -   25s
     0     0 3023.75000    0  665 639270.000 3023.75000   100%     -   28s
     0     0 3023.75000    0  631 639270.000 3023.75000   100%     -   29s
     0     0 3026.66667    0  657 639270.000 3026.66667   100%     -   32s
H    0     0                    609270.00000 3026.66667   100%     -   32s
     0     0 3027.50000    0  668 609270.000 3027.50000   100%     -   33s
     0     0 3027.50000    0  645 609270.000 3027.50000   100%     -   34s
     0     0 3030.00000    0  538 609270.000 3030.00000   100%     -   42s
H    0     0                    607270.00000 3030.00000   100%     -   45s
H    0     2                    598770.00000 3030.00000  99.5%     -   58s
     0     2 3030.00000    0  477 598770.000 3030.00000  99.5%     -   58s
H    1     4                    534770.00000 3030.00000  99.4%  6725   72s
     7    16 3030.00000    3  578 534770.000 3030.00000  99.4%  2441   75s
H   31    64                    509770.00000 3030.00000  99.4%  2818  121s
H   39    64                    474770.00000 3030.00000  99.4%  2541  121s
    63   128 3030.00000    6  529 474770.000 3030.00000  99.4%  2126  127s
   127   208 3030.00000    7  533 474770.000 3030.00000  99.4%  1806  132s
H  128   208                    465770.00000 3030.00000  99.3%  1792  132s
H  134   208                    463770.00000 3030.00000  99.3%  1856  132s
H  135   208                    416770.00000 3030.00000  99.3%  1871  132s
   207   288 3030.00000    8  481 416770.000 3030.00000  99.3%  2322  140s
H  287   368                    86570.000000 3030.00000  96.5%  2029  241s
H  288   368                    63070.000000 3030.00000  95.2%  2026  241s
H  297   368                    56470.000000 3030.00000  94.6%  2012  241s
H  298   368                    50650.000000 3030.00000  94.0%  2016  241s
H  303   368                    46670.000000 3030.00000  93.5%  2009  241s
H  305   368                    44860.000000 3030.00000  93.2%  2004  241s
   367   444 3030.00000   10  519 44860.0000 3030.00000  93.2%  1906  247s
H  368   444                    43760.000000 3030.00000  93.1%  1901  247s
   447   523 3030.00000   10  489 43760.0000 3030.00000  93.1%  1813  424s
H  450   523                    37760.000000 3030.00000  92.0%  1808  424s
H  452   523                    33760.000000 3030.00000  91.0%  1804  424s
H  528   603                    19640.000000 3030.00000  84.6%  1756 2181s
H  532   603                    15670.000000 3030.00000  80.7%  1754 2181s
H  544   603                    14130.000000 3030.00000  78.6%  1745 2181s
   608   672 3032.72727   11  539 14130.0000 3030.00000  78.6%  1713 2256s
   713   813 4033.33333   13  514 14130.0000 3030.00000  78.6%  1601 2261s
   870   898 3030.00000   13  532 14130.0000 3030.00000  78.6%  1490 2345s
H  899   898                    13650.000000 3030.00000  77.8%  1485 2345s
H  954   898                    13330.000000 3030.00000  77.3%  1462 2345s
   963  1033 3030.00000   14  516 13330.0000 3030.00000  77.3%  1461 2351s
  1196  1104 3047.85714   15  538 13330.0000 3030.00000  77.3%  1355 2446s
H 1197  1104                    13130.000000 3030.00000  76.9%  1354 2446s
H 1260  1104                    12350.000000 3030.00000  75.5%  1350 2446s
  1287  1342 3065.71429   15  526 12350.0000 3030.00000  75.5%  1348 2457s
  1566  1274 4030.00000   17  538 12350.0000 3030.00000  75.5%  1285 2467s
  1568  1275 5649.55556   21  496 12350.0000 3030.00000  75.5%  1284 2477s
  1569  1276 6020.00000   26  655 12350.0000 3030.00000  75.5%  1283 2480s
  1573  1279 4045.00000   13  651 12350.0000 3030.00000  75.5%  1280 2486s
  1576  1281 4601.66667   12  654 12350.0000 3030.00000  75.5%  1277 2490s
  1577  1281 3032.50000   11  521 12350.0000 3030.00000  75.5%  1276 2498s
  1579  1283 4520.00000   15  543 12350.0000 3030.00000  75.5%  1275 2504s
  1580  1283 3030.00000    7  543 12350.0000 3030.00000  75.5%  1274 2506s
  1581  1287 3030.00000   10  559 12350.0000 3030.00000  75.5%  1318 2513s
  1583  1290 3030.85714   11  605 12350.0000 3030.00000  75.5%  1319 2517s
  1587  1297 3034.66667   12  605 12350.0000 3030.00000  75.5%  1321 2522s
  1595  1310 3797.00000   13  624 12350.0000 3030.00000  75.5%  1330 2528s
  1611  1337 4395.55556   14  653 12350.0000 3030.00000  75.5%  1361 2570s
  1643  1388 4545.83333   15  623 12350.0000 3030.00000  75.5%  1391 2577s
  1707  1435 infeasible   16      12350.0000 3030.00000  75.5%  1518 2623s
H 1717  1367                    12250.000000 3030.00000  75.3%  1527 2623s
  1787  1423 3290.00000   17  572 12250.0000 3030.00000  75.3%  1598 3087s
H 1793  1360                    12150.000000 3030.00000  75.1%  1601 3087s
H 1808  1297                    11350.000000 3030.00000  73.3%  1617 3087s
  1867  1356 3530.00000   18  546 11350.0000 3030.00000  73.3%  1673 3200s
  1947  1403 3696.66667   19  535 11350.0000 3030.00000  73.3%  1685 3221s
  2027  1511 4030.00000   20  517 11350.0000 3030.00000  73.3%  1722 3242s
  2180  1596 4875.17647   22  598 11350.0000 3030.00000  73.3%  1772 3258s
  2328  1622 5130.00000   24  540 11350.0000 3030.00000  73.3%  1802 3366s
  2411  1792 5230.00000   25  533 11350.0000 3030.00000  73.3%  1825 3392s
  2613  1920 6030.00000   28  503 11350.0000 3030.00000  73.3%  1857 3412s
  2816  2054 7716.80316   31  563 11350.0000 3030.00000  73.3%  1870 3430s
  3034  2058 8438.88485   33  534 11350.0000 3030.00000  73.3%  1881 3548s
H 3046  1999                    11260.000000 3030.00000  73.1%  1883 3548s
  3117  2170 infeasible   34      11260.0000 3030.00000  73.1%  1895 3564s
  3357  2281 10034.0753   37  526 11260.0000 3030.00000  73.1%  1905 3582s
  3611  2262     cutoff   39      11260.0000 3030.00000  73.1%  1925 5042s
H 3670  2190                    11250.000000 3030.00000  73.1%  1929 5042s
  3705  2393 11210.4737   40  498 11250.0000 3030.00000  73.1%  1924 5061s
  4056  2475 5958.20375   25  590 11250.0000 3030.00000  73.1%  1922 5086s
  4415  2396 7241.60890   28  551 11250.0000 3030.00000  73.1%  1922 5212s
H 4416  2350                    11150.000000 3030.00000  72.8%  1921 5212s
  4528  2592 7114.02418   28  564 11150.0000 3030.00000  72.8%  1918 5237s
  4944  2853 infeasible   27      11150.0000 3030.00000  72.8%  1903 5260s
  5348  3152 8452.18970   29  577 11150.0000 3030.00000  72.8%  1898 5291s
  5750  3210 7820.92698   29  560 11150.0000 3030.00000  72.8%  1891 5413s
  5852  3544 7935.86564   29  542 11150.0000 3030.00000  72.8%  1891 5428s
  6288  3896 8166.62736   30  540 11150.0000 3030.00000  72.8%  1895 5440s
  6735  4216 7856.15885   30  529 11150.0000 3030.00000  72.8%  1893 5467s
  7203  4285 9064.30259   31  556 11150.0000 3030.00000  72.8%  1900 5579s
  7292  4691 8265.33762   31  514 11150.0000 3030.00000  72.8%  1900 5602s
  7847  5052 8672.16667   32  485 11150.0000 3030.00000  72.8%  1891 5634s
  8371  5391 8853.77315   32  480 11150.0000 3030.00000  72.8%  1898 5668s
  8925  5439 9983.07344   34  552 11150.0000 3030.00000  72.8%  1905 5772s
  9037  5865 9983.07344   33  542 11150.0000 3030.00000  72.8%  1901 5807s
  9648  6320 9507.63021   30  548 11150.0000 3030.00000  72.8%  1902 5839s
 10270  6760 9132.79372   35  566 11150.0000 3030.00000  72.8%  1906 5905s
 10984  6818 8843.16197   35  528 11150.0000 3030.00000  72.8%  1896 6012s
 11094  7345 8843.16197   35  535 11150.0000 3030.00000  72.8%  1897 6050s
 11853  7825 9429.59641   36  550 11150.0000 3030.00000  72.8%  1893 6089s
 12569  8306 9820.24217   36  532 11150.0000 3030.00000  72.8%  1899 6125s
 13404  8852 10390.4956   37  579 11150.0000 3030.00000  72.8%  1890 6167s
 14238  9430 9940.58076   39  555 11150.0000 3030.00000  72.8%  1883 6204s
 15084 10002 10493.3654   39  531 11150.0000 3030.00000  72.8%  1881 6241s
 15977 10548 infeasible   37      11150.0000 3281.53125  70.6%  1881 6276s
 16839 11101 3530.00000   17  531 11150.0000 3288.29427  70.5%  1888 6314s
 17733 11689 4230.18099   26  598 11150.0000 3288.29427  70.5%  1890 6354s
 18761 12169 5907.88070   35  595 11150.0000 3288.29427  70.5%  1891 6398s
 19624 12780 7722.69693   40  600 11150.0000 3433.84615  69.2%  1907 6448s
 20672 13442 3716.56716   18  577 11150.0000 3530.00000  68.3%  1908 6496s
 21572 14178 6020.00000   24  529 11150.0000 3530.00000  68.3%  1918 6541s
 22776 14825 7095.37791   36  489 11150.0000 3623.75000  67.5%  1910 6595s
 23846 15433 3696.66667   19  598 11150.0000 3665.33951  67.1%  1917 6645s
 24970 15478 5021.27414   23  578 11150.0000 3665.33951  67.1%  1925 8688s
 25080 16122 5021.27700   24  572 11150.0000 3665.33951  67.1%  1926 8741s
 26156 16941 8010.79998   32  508 11150.0000 3696.66667  66.8%  1940 8799s
 26985 16941 7684.38871   38  485 11150.0000 3696.66667  66.8%  1952 8800s
 27343 17736 5250.62981   28  583 11150.0000 3696.66667  66.8%  1952 8864s
 28061 17736 4505.62605   27  577 11150.0000 3696.66667  66.8%  1969 8865s
 28446 18597     cutoff   34      11150.0000 3813.56924  65.8%  1972 8914s
 29781 19358 4532.72882   23  559 11150.0000 3872.92079  65.3%  1982 8977s
 31080 20141 infeasible   36      11150.0000 3872.92079  65.3%  1995 9047s
 32519 20839 10383.4252   40  490 11150.0000 3873.63047  65.3%  2007 9116s
 34032 21492 4219.10256   31  522 11150.0000 3881.92801  65.2%  2014 9177s
 35928 22228 5090.53571   31  540 11150.0000 3961.36339  64.5%  2006 9246s
 37463 23045 10177.3323   45  549 11150.0000 3974.95127  64.4%  2014 9318s
 39001 24002 8140.29835   36  606 11150.0000 4004.43328  64.1%  2023 9395s
 40680 24953 6400.04321   36  563 11150.0000 4026.97574  63.9%  2019 9475s
 42577 26239 10317.1042   47  526 11150.0000 4028.72223  63.9%  2008 9562s
 44629 27498 10264.3750   47  414 11150.0000 4028.72223  63.9%  1992 9660s
 46649 27499 5629.67180   38  538 11150.0000 4028.72223  63.9%  1980 9673s
 46651 27500 7769.67797   41  594 11150.0000 4028.72223  63.9%  1980 9680s
 46656 27504 9497.50896   44  708 11150.0000 4028.72223  63.9%  1980 9686s
 46664 27509 5737.12346   39  694 11150.0000 4028.72223  63.9%  1980 9690s
 46666 27510 8550.00000   48  576 11150.0000 4028.72223  63.9%  1980 9696s
 46667 27511 5020.00000   23  576 11150.0000 4028.72223  63.9%  1980 9706s
 46668 27515 4028.72223   25  614 11150.0000 4028.72223  63.9%  1981 9711s
 46674 27525 4028.72223   27  709 11150.0000 4028.72223  63.9%  1981 9715s
 46682 27538 4028.72223   28  677 11150.0000 4028.72223  63.9%  1981 9742s
 46698 27565 4028.72223   29  641 11150.0000 4028.72223  63.9%  1981 9809s
 46730 27618 4503.27282   30  601 11150.0000 4028.72223  63.9%  1981 9814s
 46794 27676 4504.45507   31  602 11150.0000 4028.72223  63.9%  1982 9819s
 46874 27709 infeasible   32      11150.0000 4028.72223  63.9%  1982 9826s
 46954 27750 4832.23260   32  614 11150.0000 4028.72223  63.9%  1981 9935s
 47034 27800 4833.97977   33  566 11150.0000 4028.72223  63.9%  1981 9944s
 47114 27846 4939.33518   33  625 11150.0000 4028.72223  63.9%  1981 10119s
 47197 27937 4834.78664   34  598 11150.0000 4028.72223  63.9%  1981 10126s
 47322 28031 4834.78664   35  590 11150.0000 4028.72223  63.9%  1983 10135s
 47459 28061 4890.24359   36  572 11150.0000 4028.72223  63.9%  1982 12008s
H47484 26677                    10850.000000 4028.72223  62.9%  1983 12008s
 47541 26828 5165.22460   36  570 10850.0000 4028.72223  62.9%  1982 12019s
 47731 26949 5810.91717   38  593 10850.0000 4028.72223  62.9%  1982 12026s
 47939 26954 5965.24097   39  584 10850.0000 4028.72223  62.9%  1984 12129s
H48016 25621                    10840.000000 4028.72223  62.8%  1985 12130s
 48025 25839 5981.53379   40  560 10840.0000 4028.72223  62.8%  1985 12140s
 48273 25962 6363.16255   42  561 10840.0000 4028.72223  62.8%  1988 12150s
 48552 26003 6767.79601   43  552 10840.0000 4028.72223  62.8%  1990 12160s
 48853 26007 6925.58555   45  521 10840.0000 4028.72223  62.8%  1990 12168s
 49079 26112 8110.04250   46  552 10840.0000 4028.72223  62.8%  1990 12180s
 49365 26200     cutoff   48      10840.0000 4028.72223  62.8%  1991 12194s
 49644 26283 4028.72223   32  636 10840.0000 4028.72223  62.8%  1993 12204s
 49925 26378 4028.72223   34  633 10840.0000 4028.72223  62.8%  1995 12217s
 50230 26481 4028.72223   37  610 10840.0000 4028.72223  62.8%  1996 12225s
 50528 26584 4670.33861   40  631 10840.0000 4028.72223  62.8%  1999 12237s
 50840 26687 4950.69639   43  628 10840.0000 4028.72223  62.8%  2001 12253s
 51138 26814 6131.38423   46  593 10840.0000 4028.72223  62.8%  2004 12267s
 51482 26967 9781.24183   48  536 10840.0000 4028.72223  62.8%  2007 12282s
 51839 27089 4028.72223   33  665 10840.0000 4028.72223  62.8%  2009 12295s
 52199 27240 4446.93534   34  625 10840.0000 4028.72223  62.8%  2012 12313s
 52593 27371 4121.26041   36  621 10840.0000 4028.72223  62.8%  2014 12326s
 53034 27446 4228.71710   37  644 10840.0000 4028.72223  62.8%  2015 12340s
 53469 27584 4538.79253   39  604 10840.0000 4028.72223  62.8%  2016 12352s
 53878 27770 4660.31688   42  626 10840.0000 4028.72223  62.8%  2020 12369s
 54317 27942 5552.24402   44  617 10840.0000 4028.72223  62.8%  2022 12382s
 54832 28052 5072.83486   46  616 10840.0000 4028.72223  62.8%  2023 12401s
 55269 28261 5265.75419   48  601 10840.0000 4028.72223  62.8%  2026 12420s
 55882 28405 7515.66265   50  586 10840.0000 4028.72223  62.8%  2025 12438s
 56438 28546 6395.70955   52  651 10840.0000 4028.72223  62.8%  2027 12457s
 57009 28704 9381.33333   55  554 10840.0000 4028.72223  62.8%  2029 12498s
 57606 28847 4221.76268   33  638 10840.0000 4028.72223  62.8%  2031 12516s
 58300 29011 6551.80606   39  612 10840.0000 4028.72223  62.8%  2031 12540s
 58945 29116     cutoff   46      10840.0000 4028.72223  62.8%  2034 12564s
 59707 29149     cutoff   46      10840.0000 4028.72223  62.8%  2033 12588s
 60392 29254     cutoff   43      10840.0000 4028.72223  62.8%  2035 12611s
 61036 29395 5053.33333   37  631 10840.0000 4028.72223  62.8%  2040 12639s
 61763 29501 7877.77778   42  541 10840.0000 4028.72223  62.8%  2043 12665s
 62527 29625 4127.38891   32  631 10840.0000 4028.72223  62.8%  2045 12682s
 63341 29782 6535.00000   38  597 10840.0000 4028.72223  62.8%  2046 12698s
 64189 29998 infeasible   44      10840.0000 4028.72223  62.8%  2048 12725s
 65111 30142 4601.07994   39  639 10840.0000 4028.72223  62.8%  2049 12758s
 65937 30334 7143.41387   45  561 10840.0000 4028.72223  62.8%  2054 12784s
 66824 30648 4360.17816   37  608 10840.0000 4028.72223  62.8%  2057 12900s
 67722 30929 4964.84496   51  585 10840.0000 4028.72223  62.8%  2060 12928s
 68682 31269     cutoff   60      10840.0000 4028.72223  62.8%  2064 12961s
 69746 31592 6778.58407   42  568 10840.0000 4028.72223  62.8%  2067 12993s
 70820 31910 infeasible   50      10840.0000 4028.72223  62.8%  2071 13034s
 71952 32286 5786.31024   49  568 10840.0000 4030.00000  62.8%  2073 13061s
 73186 32540 6031.00000   38  560 10840.0000 4030.00000  62.8%  2075 13099s
 74517 32814     cutoff   50      10840.0000 4071.32329  62.4%  2075 13138s
 75877 33065 8030.00000   48  463 10840.0000 4122.73857  62.0%  2076 13179s
 77261 33253 5236.12723   42  610 10840.0000 4129.49154  61.9%  2077 13218s
 78603 33395 infeasible   53      10840.0000 4145.74495  61.8%  2079 13259s
 79883 33708 8871.12645   53  614 10840.0000 4186.44635  61.4%  2083 13297s
 81370 33956 4767.95959   35  597 10840.0000 4195.69279  61.3%  2085 13339s
 82831 34195 9672.88795   53  511 10840.0000 4196.45833  61.3%  2087 13380s
 84417 34433 infeasible   45      10840.0000 4215.59585  61.1%  2088 13427s
 86031 34917 5467.09698   37  621 10840.0000 4215.59585  61.1%  2091 13474s
 87395 35462 6291.81818   40  612 10840.0000 4215.59585  61.1%  2100 13522s
 88945 36125 7000.88235   46  544 10840.0000 4215.59585  61.1%  2108 13572s
 90924 36653 10354.7059   50  517 10840.0000 4215.59585  61.1%  2110 13624s
 92364 36173 infeasible   55      10840.0000 4215.59585  61.1%  2107 13625s
 93094 38719     cutoff   59      10840.0000 4266.75089  60.6%  2107 13753s
 98613 38268 4617.10317   50  566 10840.0000 4312.00667  60.2%  2103 13807s
 100650 39095 infeasible   55      10840.0000 4312.00667  60.2%  2105 13865s
 102818 40094 7792.28519   59  502 10840.0000 4312.00667  60.2%  2106 13923s
 105668 40572 9710.00000   58  455 10840.0000 4312.00667  60.2%  2099 13982s
 108274 41017 10533.6567   56  489 10840.0000 4322.00667  60.1%  2092 14042s
 110841 41495 5939.04564   36  620 10840.0000 4332.35084  60.0%  2089 14108s
 113536 41949 5524.04630   49  589 10840.0000 4338.15223  60.0%  2086 14175s
 116287 42468 7805.29412   54  486 10840.0000 4355.23807  59.8%  2083 14244s
 119341 42731 5225.21780   46  584 10840.0000 4368.05905  59.7%  2079 14313s
 122264 43609 6676.08094   51  552 10840.0000 4368.05905  59.7%  2077 14382s
 125305 45070 infeasible   53      10840.0000 4377.14912  59.6%  2077 14462s
 128359 46976 6401.39056   51  629 10840.0000 4384.62600  59.6%  2077 14540s
 131487 49400 6592.29167   46  562 10840.0000 4392.36218  59.5%  2080 14627s
 134851 51917 4729.55993   45  548 10840.0000 4394.06250  59.5%  2085 14718s
 139120 55833 9542.32143   48  593 10840.0000 4394.62600  59.5%  2079 14893s
 146814 58085 6511.25000   38  569 10840.0000 4406.36574  59.4%  2073 14990s
 150926 60863 10058.3699   64  453 10840.0000 4407.20361  59.3%  2072 15082s
 155629 63063 8606.67304   49  484 10840.0000 4407.93333  59.3%  2067 15179s
 160081 65183 4852.50393   44  616 10840.0000 4436.50048  59.1%  2064 15293s
 164508 67572 9233.12500   45  521 10840.0000 4456.34837  58.9%  2063 15390s
 169247 70230 10379.1066   62  471 10840.0000 4462.25895  58.8%  2059 15500s
 174565 73043 4787.97608   40  657 10840.0000 4469.75908  58.8%  2054 15613s
 179669 75722 8720.41667   55  564 10840.0000 4473.61164  58.7%  2054 15730s
 184975 80506 7535.94298   45  533 10840.0000 4488.22383  58.6%  2051 15940s
 194987 83123 8507.94305   70  503 10840.0000 4499.33903  58.5%  2046 16069s
 197724 83123 5441.72359   40  633 10840.0000 4512.71228  58.4%  2045 16070s
 200647 86926 5453.10802   44  601 10840.0000 4518.09249  58.3%  2045 16208s
 205913 91912 6519.74957   55  523 10840.0000 4526.70807  58.2%  2052 16361s
 213662 95249 10530.0000   56  366 10840.0000 4530.00000  58.2%  2043 16506s
 220233 98547 9234.45699   65  430 10840.0000 4531.71851  58.2%  2042 16663s
 227218 102026 9932.05882   52  526 10840.0000 4535.00000  58.2%  2039 16819s
 232280 102026 6873.33333   53  534 10840.0000 4540.00000  58.1%  2042 16820s
 234058 105598 7052.50000   59  530 10840.0000 4540.00000  58.1%  2042 17071s
 241931 111686 infeasible   57      10840.0000 4540.00000  58.1%  2039 17325s
 254583 113166     cutoff   63      10840.0000 4540.00000  58.1%  2036 18103s
 257778 122564 9584.92299   76  415 10840.0000 4540.00000  58.1%  2036 18454s
 265958 122564 infeasible   53      10840.0000 4540.00000  58.1%  2032 18455s
 276574 127995 8603.52432   59  554 10840.0000 4540.00000  58.1%  2026 18672s
 287438 133394     cutoff   69      10840.0000 4540.00000  58.1%  2021 18946s
 301427 137124 5968.97569   47  573 10840.0000 4550.00000  58.0%  2017 19115s
 309105 141043 4933.90845   44  584 10840.0000 4550.00000  58.0%  2015 19283s
 315469 141043 5546.67599   40  593 10840.0000 4552.87156  58.0%  2016 19285s
 316263 147176 5478.52816   45  587 10840.0000 4557.18750  58.0%  2016 19731s
 325645 150923 5072.76387   43  610 10840.0000 4571.99036  57.8%  2009 19891s
 333272 158105 5007.44586   47  561 10840.0000 4581.74419  57.7%  2007 20146s
 346004 159047 6686.27263   58  539 10840.0000 4592.50000  57.6%  2004 20804s
 347649 159047 5700.11527   42  644 10840.0000 4595.16571  57.6%  2004 20805s
 347963 159101     cutoff   51      10840.0000 4595.16571  57.6%  2004 23057s
H347964 157103                    10640.000000 4595.16571  56.8%  2004 23057s
 348062 164166     cutoff   51      10640.0000 4595.98876  56.8%  2004 23315s
 360703 168440 9430.00000   53  545 10640.0000 4611.34564  56.7%  2005 23519s
 362653 168440 infeasible   60      10640.0000 4611.39212  56.7%  2004 23520s
 366828 177230 8836.85484   59  455 10640.0000 4614.75239  56.6%  2003 23766s
 379079 185306 4897.25806   47  535 10640.0000 4616.01637  56.6%  2000 24083s
 395703 188582 infeasible   49      10640.0000 4620.12250  56.6%  1991 24236s
 402463 193081 6404.57806   43  563 10640.0000 4642.05447  56.4%  1991 24395s
 409342 198379 8977.85714   64  438 10640.0000 4647.54392  56.3%  1994 24550s
 418062 203102 infeasible   58      10640.0000 4653.82292  56.3%  1992 24680s
 426056 209955 5280.04567   37  677 10640.0000 4657.77778  56.2%  1992 24855s
 439320 215370 6368.33333   49  546 10640.0000 4677.77626  56.0%  1992 24966s
 448712 219017 infeasible   64      10640.0000 4683.68534  56.0%  1987 25066s
 456361 224059 infeasible   70      10640.0000 4699.40141  55.8%  1987 25171s
 464633 229445 8780.45977   70  467 10640.0000 4703.07757  55.8%  1987 25277s
 473443 235855 7425.02011   48  560 10640.0000 4708.94830  55.7%  1985 25447s
 487659 239327 7984.32099   48  567 10640.0000 4716.85062  55.7%  1980 25545s
 495437 240513 6225.93750   49  554 10640.0000 4730.00000  55.5%  1979 25976s
 497332 246017 8481.38580   54  504 10640.0000 4731.30511  55.5%  1980 26129s
 505453 252038 9626.57895   76  416 10640.0000 4734.31373  55.5%  1979 26286s
 519450 258089     cutoff   54      10640.0000 4743.49593  55.4%  1973 26452s
 532721 263173     cutoff   57      10640.0000 4764.21657  55.2%  1972 26559s
 533768 263173 5790.58252   45  536 10640.0000 4766.53846  55.2%  1971 26560s
 542118 266774 9406.31579   52  532 10640.0000 4766.53846  55.2%  1968 26654s
 549676 271590 7045.00000   58  462 10640.0000 4780.35242  55.1%  1967 26753s
 557900 276386 8615.31250   58  476 10640.0000 4782.50000  55.1%  1966 26857s
 566536 283864 10582.9570   54  546 10640.0000 4782.50000  55.1%  1964 27020s
 579250 288604 8036.33903   45  583 10640.0000 4802.46723  54.9%  1965 27126s
 588542 292787 infeasible   52      10640.0000 4807.65311  54.8%  1962 27226s
 596210 297838 7608.56419   52  546 10640.0000 4814.84659  54.7%  1963 27327s
 605176 300803 8966.97615   66  531 10640.0000 4820.34749  54.7%  1961 27421s
 613001 304040 6052.86395   44  572 10640.0000 4827.14912  54.6%  1960 27573s
 620534 310370 7051.66667   42  518 10640.0000 4838.67967  54.5%  1959 27740s
 633803 316355 9557.38837   62  455 10640.0000 4844.12541  54.5%  1959 27869s
 644546 319945 infeasible   66      10640.0000 4848.83051  54.4%  1957 27974s
 645087 319945 7667.62050   52  522 10640.0000 4852.51269  54.4%  1957 27975s
 653155 322911 5626.65168   45  646 10640.0000 4858.55889  54.3%  1956 28077s
 661766 330138 5930.47131   50  543 10640.0000 4867.81513  54.2%  1955 28234s
 674255 334034 7352.91667   44  525 10640.0000 4877.35205  54.2%  1955 28334s
 682099 338680 7502.05761   50  523 10640.0000 4879.27984  54.1%  1955 28440s
 691113 341885 8850.83333   56  607 10640.0000 4883.67412  54.1%  1953 28538s
 698593 345434 10141.2099   59  551 10640.0000 4893.33333  54.0%  1953 28638s
 706868 349634 5486.30798   41  613 10640.0000 4899.44557  54.0%  1953 28739s
 714259 355799 5843.81944   53  552 10640.0000 4903.51652  53.9%  1954 28887s
 727157 358869 6964.77273   50  538 10640.0000 4908.50000  53.9%  1952 28980s
 734796 362727 6418.37918   57  525 10640.0000 4913.75000  53.8%  1952 29077s
 742207 366747 8941.85185   50  544 10640.0000 4918.16695  53.8%  1953 29182s
 751733 367997 5482.20588   47  532 10640.0000 4920.85454  53.8%  1949 29270s
 754423 372716 9818.83598   54  542 10640.0000 4923.58333  53.7%  1950 29388s
 763886 379346 9519.79073   47  565 10640.0000 4930.38375  53.7%  1949 29543s
 775790 382564 9887.14286   54  447 10640.0000 4937.23760  53.6%  1950 29644s
 783868 386420 6282.45161   44  554 10640.0000 4943.33333  53.5%  1949 29746s
 792834 390199 10435.2457   67  507 10640.0000 4948.29861  53.5%  1947 29845s
 800158 391459 10030.0000   57  443 10640.0000 4948.75073  53.5%  1948 30401s
 802581 397978 9540.33708   61  371 10640.0000 4948.75073  53.5%  1949 30578s
 810668 397978 5105.92179   47  621 10640.0000 4953.74016  53.4%  1948 30580s
 817569 398035 10260.4211   50  519 10640.0000 4959.85169  53.4%  1947 31307s
H817570 397752                    10630.000000 4959.85169  53.3%  1947 31307s
 817669 435598 10315.8636   51  532 10630.0000 4960.62692  53.3%  1947 32238s
 830682 435598 8878.70495   45  535 10630.0000 4962.53570  53.3%  1946 32240s
 870445 435598 5444.69617   42  632 10630.0000 4964.32051  53.3%  1945 32245s
 897749 438986     cutoff   57      10630.0000 4996.63586  53.0%  1944 32390s
 905822 445174 5728.63627   47  568 10630.0000 5002.24561  52.9%  1943 32540s
 917718 448570 7005.50000   54  566 10630.0000 5014.01786  52.8%  1944 32654s
 923360 453689 9534.16667   87  420 10630.0000 5015.66667  52.8%  1943 32787s
 934788 460048 9624.58333   56  560 10630.0000 5022.78912  52.7%  1942 32900s
 944096 466612 5592.00000   44  622 10630.0000 5025.22531  52.7%  1942 33048s
 955794 472553 5031.00832   44  547 10630.0000 5026.83419  52.7%  1942 33152s
 964748 476122 6364.64912   48  592 10630.0000 5030.00000  52.7%  1941 33249s
 966657 476122 6199.63435   39  600 10630.0000 5030.00000  52.7%  1941 33250s
 972493 480061 6843.50746   53  530 10630.0000 5030.00000  52.7%  1941 33350s
 979966 484180 6124.09483   51  519 10630.0000 5030.00000  52.7%  1942 33454s
 981884 484180 5793.33333   50  546 10630.0000 5030.00000  52.7%  1943 33455s
 987551 488601 infeasible   45      10630.0000 5030.00000  52.7%  1944 33562s
 995878 497400 9318.33333   62  468 10630.0000 5030.00000  52.7%  1944 33715s
 1008097 502338 5992.84365   65  547 10630.0000 5030.00000  52.7%  1946 33818s
 1017441 506311 7667.38095   69  512 10630.0000 5030.40816  52.7%  1944 33913s
 1025405 509327 5728.52941   41  606 10630.0000 5036.62047  52.6%  1943 34010s
 1033219 513687 6425.20833   50  512 10630.0000 5040.28867  52.6%  1943 34111s
 1041409 516851 8641.66667   49  497 10630.0000 5043.35686  52.6%  1943 34206s
 1048942 522192 6393.12500   54  505 10630.0000 5045.00000  52.5%  1943 34349s
 1060103 522192 9467.15625   51  478 10630.0000 5045.00000  52.5%  1943 34350s
 1060665 525982 8724.71231   72  493 10630.0000 5045.00000  52.5%  1943 34452s
 1068807 527946 6320.64794   63  550 10630.0000 5051.04485  52.5%  1944 34549s
 1072232 532337 8273.39447   52  612 10630.0000 5052.50000  52.5%  1944 34676s
 1082832 536059 7541.29100   46  557 10630.0000 5058.32205  52.4%  1943 34788s
 1091521 540408 5060.00000   50  495 10630.0000 5060.00000  52.4%  1944 34905s
 1099648 545666 8697.38209   57  538 10630.0000 5060.00000  52.4%  1947 35071s
 1113366 549259 7778.89086   69  523 10630.0000 5060.00000  52.4%  1947 35176s
 1121056 553590 6801.11318   60  481 10630.0000 5060.00000  52.4%  1949 35287s
 1128826 557581 5532.81059   61  571 10630.0000 5060.00000  52.4%  1952 35404s
 1134088 557581 9274.47010   76  519 10630.0000 5060.00000  52.4%  1954 35405s
 1137449 561836 10587.1586   69  449 10630.0000 5060.00000  52.4%  1954 35521s
 1145334 568157 8953.36374   69  541 10630.0000 5060.00000  52.4%  1958 35685s
 1157488 571195 5901.31597   53  547 10630.0000 5060.00000  52.4%  1961 35801s
 1166990 575128 5259.68162   61  516 10630.0000 5060.00000  52.4%  1961 35913s
 1174685 575970 5527.82574   65  524 10630.0000 5060.00000  52.4%  1963 36369s
 1176400 581451 8819.74833   70  523 10630.0000 5060.00000  52.4%  1964 36548s
 1190065 584088     cutoff   69      10630.0000 5060.00000  52.4%  1966 36681s
 1195422 589662 7089.17693   65  579 10630.0000 5060.00000  52.4%  1968 36845s
 1207782 592886 5558.31509   57  522 10630.0000 5060.00000  52.4%  1970 36959s
 1216821 595989 7097.60081   61  545 10630.0000 5060.00000  52.4%  1971 37069s
 1222391 595989 5955.57167   59  579 10630.0000 5060.00000  52.4%  1972 37070s
 1225100 599956 5178.69430   57  549 10630.0000 5060.00000  52.4%  1972 37183s
 1233024 603692 5768.56005   60  545 10630.0000 5060.00000  52.4%  1975 37297s
 1241193 608560 9809.28571   63  470 10630.0000 5060.00000  52.4%  1977 37454s
 1252414 612950 6412.86003   65  577 10630.0000 5060.00000  52.4%  1980 37572s
 1261057 617229 8260.24335   65  498 10630.0000 5060.00000  52.4%  1982 37693s
 1269114 621823     cutoff   71      10630.0000 5060.00000  52.4%  1985 37815s
 1277997 625438 6870.47929   61  475 10630.0000 5060.00000  52.4%  1987 37934s
 1283523 625438 5550.00000   54  512 10630.0000 5060.00000  52.4%  1988 37935s
 1286988 630416 6371.02931   66  540 10630.0000 5060.00000  52.4%  1988 38092s
 1299249 632011 6101.40074   68  546 10630.0000 5060.00000  52.4%  1990 38194s
 1302494 636116 7953.05249   66  485 10630.0000 5060.00000  52.4%  1990 38329s
 1304537 636116 7869.55514   60  566 10630.0000 5060.00000  52.4%  1991 38330s
 1312624 639640 5685.00000   53  576 10630.0000 5060.00000  52.4%  1992 38454s
 1321587 643681 5778.75000   61  487 10630.0000 5060.00000  52.4%  1994 38573s
 1329915 647174 7588.89315   58  515 10630.0000 5060.00000  52.4%  1996 38697s
 1339282 651707 8821.77567   54  497 10630.0000 5060.00000  52.4%  1997 38849s
 1350322 654971     cutoff   56      10630.0000 5060.00000  52.4%  1999 38963s
 1359602 658117 5704.86993   61  595 10630.0000 5060.00000  52.4%  1999 39069s
 1360450 658117     cutoff   49      10630.0000 5060.00000  52.4%  1999 39070s
 1367753 660988 infeasible   66      10630.0000 5060.00000  52.4%  1999 39178s
 1375969 665176 6012.35953   58  556 10630.0000 5062.30540  52.4%  2000 39287s
 1383654 668415 8325.40673   58  531 10630.0000 5063.39595  52.4%  2001 39391s
 1392562 674204 6679.28571   56  520 10630.0000 5064.37500  52.4%  2001 39543s
 1404226 677413     cutoff   56      10630.0000 5065.91172  52.3%  2002 39645s
 1412489 681240     cutoff   61      10630.0000 5067.67382  52.3%  2002 39749s
 1415436 681240 6127.90561   66  583 10630.0000 5068.33258  52.3%  2002 39750s
 1420860 685193 5464.28571   57  531 10630.0000 5068.72724  52.3%  2002 39852s
 1428836 689247 6435.00000   57  521 10630.0000 5070.70102  52.3%  2002 39953s
 1436855 690713 8823.44501   62  517 10630.0000 5071.97189  52.3%  2003 40050s
 1440792 696001 7401.92389   53  612 10630.0000 5072.21032  52.3%  2002 40196s
 1452945 699190 7153.98832   57  517 10630.0000 5074.30373  52.3%  2001 40294s
 1458835 699190     cutoff   79      10630.0000 5075.33153  52.3%  2001 40295s
 1461094 702341     cutoff   71      10630.0000 5076.16442  52.2%  2001 40390s
 1468688 705598 9550.00000   68  467 10630.0000 5078.01546  52.2%  2001 40489s
 1470760 705598 infeasible   47      10630.0000 5078.66614  52.2%  2001 40490s
 1476720 709081 7248.44273   57  567 10630.0000 5079.43155  52.2%  2001 40591s
 1484691 712442     cutoff   72      10630.0000 5081.67469  52.2%  2001 40692s
 1493919 717061 5952.31061   50  584 10630.0000 5083.13013  52.2%  1999 40836s
 1505879 720544 5896.77068   46  575 10630.0000 5085.23401  52.2%  1999 41264s
 1507600 720544 10045.8246   68  507 10630.0000 5086.18985  52.2%  1999 41265s
 1512745 728121 9710.46132   57  497 10630.0000 5087.31341  52.1%  1999 41447s
 1527824 733113 5797.14201   54  574 10630.0000 5089.53039  52.1%  1999 41577s
 1537425 736805 9636.90909   56  544 10630.0000 5091.55738  52.1%  1999 41692s
 1546910 742974 10403.1062   66  502 10630.0000 5093.40896  52.1%  1999 41837s
 1558951 744065 9726.66667   73  449 10630.0000 5095.00000  52.1%  1999 41927s
 1561683 748512 9164.14637   56  493 10630.0000 5096.10476  52.1%  1998 42050s
 1571103 753887 8246.86878   74  529 10630.0000 5099.36060  52.0%  1999 42165s
 1580469 758086 7816.97559   47  513 10630.0000 5100.39639  52.0%  1998 42273s
 1589395 762229 8388.77169   39  541 10630.0000 5101.73948  52.0%  1998 42373s
 1596990 768204 7802.66667   48  492 10630.0000 5103.00000  52.0%  1999 42519s
 1606814 768204 8342.31863   61  507 10630.0000 5103.00000  52.0%  1998 42520s
 1608716 772042 10073.0823   76  477 10630.0000 5104.21875  52.0%  1998 42618s
 1616194 775044 8753.97436   71  444 10630.0000 5106.16099  52.0%  1999 42721s
 1625279 777867 6575.67620   44  601 10630.0000 5108.52490  51.9%  1998 42818s
 1633159 777919 6060.00000   59  533 10630.0000 5110.33382  51.9%  1997 43796s
 1633266 780612 6353.96016   60  537 10630.0000 5110.70545  51.9%  1997 43899s
 1642438 781595 9811.05776   66  464 10630.0000 5112.69745  51.9%  1996 43989s
 1645327 787108 8621.40476   52  550 10630.0000 5114.38687  51.9%  1996 44137s
 1656903 791531 9393.85965   53  495 10630.0000 5116.60425  51.9%  1996 44242s
 1665693 794391 7230.21264   46  535 10630.0000 5117.57422  51.9%  1996 44340s
 1674049 795830 8244.69692   63  550 10630.0000 5119.74359  51.8%  1995 44874s
 1676975 803138 9362.07118   65  545 10630.0000 5120.16517  51.8%  1995 45060s
 1692364 807480 8347.50000   46  549 10630.0000 5122.50000  51.8%  1995 45207s
 1704515 810517 5672.34569   64  535 10630.0000 5126.30558  51.8%  1994 45304s
 1712435 813947 9016.74497   51  508 10630.0000 5127.49144  51.8%  1994 45402s
 1720293 816682 8912.69451   52  519 10630.0000 5129.37657  51.7%  1994 45501s
 1728868 817683 6277.11678   53  563 10630.0000 5132.04303  51.7%  1993 45591s
 1731850 821940 10530.0000   55  457 10630.0000 5132.14023  51.7%  1993 45714s
 1742656 826044     cutoff   63      10630.0000 5134.41017  51.7%  1992 45855s
 1755341 829188     cutoff   76      10630.0000 5137.98049  51.7%  1991 45945s
 1762731 831670 5632.16667   45  592 10630.0000 5139.51897  51.7%  1991 46040s
 1771231 834910 5661.76867   46  546 10630.0000 5141.85185  51.6%  1990 46133s
 1778945 838453 6230.00000   46  525 10630.0000 5144.38095  51.6%  1990 46231s
 1786637 842010 8906.30952   45  550 10630.0000 5146.02309  51.6%  1989 46329s
 1791510 842010 7193.60215   54  607 10630.0000 5147.06006  51.6%  1989 46330s
 1794868 846862 6608.79677   61  517 10630.0000 5147.22222  51.6%  1989 46472s
 1807161 850990 10547.7000   54  533 10630.0000 5150.09240  51.6%  1988 46568s
 1814925 852313 9018.36209   67  521 10630.0000 5151.38889  51.5%  1988 46599s

Cutting planes:
  Gomory: 2
  Cover: 58
  Clique: 77
  MIR: 39
  Flow cover: 128
  Inf proof: 31
  Zero half: 137
  RLT: 691
  BQP: 49

Explored 1817959 nodes (3613319068 simplex iterations) in 46599.76 seconds (25942.21 work units)
Thread count was 80 (of 140 available processors)

Solution count 10: 10630 10640 10840 ... 12250

Solve interrupted
Best objective 1.063000000000e+04, best bound 5.160000000000e+03, gap 51.4581%
