
Gurobi 11.0.3 (linux64, Matlab) logging started Wed 16 Oct 2024 03:43:47 PM EDT

Set parameter Username
Set parameter Method to value 3
Set parameter MIPFocus to value 1
Set parameter LogFile to value "runs/PIONEER25_All_Teams_11/logfile11.txt"
Set parameter Threads to value 80
Academic license - for non-commercial use only - expires 2025-03-10
Gurobi Optimizer version 11.0.3 build v11.0.3rc0 (linux64 - "Red Hat Enterprise Linux 9.4 (Plow)")

CPU model: Intel(R) Xeon(R) CPU E5-4650 v2 @ 2.40GHz, instruction set [SSE2|AVX]
Thread count: 70 physical cores, 140 logical processors, using up to 80 threads

Optimize a model with 17726 rows, 15478 columns and 68758 nonzeros
Model fingerprint: 0x6a2a8ae3
Variable types: 0 continuous, 15478 integer (15478 binary)
Coefficient statistics:
  Matrix range     [1e+00, 1e+01]
  Objective range  [1e+01, 3e+04]
  Bounds range     [1e+00, 1e+00]
  RHS range        [1e+00, 5e+01]
Presolve removed 4228 rows and 2698 columns
Presolve time: 0.37s
Presolved: 13498 rows, 12780 columns, 49248 nonzeros
Variable types: 0 continuous, 12780 integer (12759 binary)
Concurrent LP optimizer: primal simplex, dual simplex, and barrier
Showing barrier log only...

Root barrier log...

Ordering time: 0.47s

Barrier statistics:
 AA' NZ     : 2.062e+05
 Factor NZ  : 1.949e+06 (roughly 24 MB of memory)
 Factor Ops : 5.387e+08 (less than 1 second per iteration)
 Threads    : 77

Barrier performed 0 iterations in 1.69 seconds (0.27 work units)
Barrier solve interrupted - model solved by another algorithm


Solved with dual simplex

Use crossover to convert LP symmetric solution to basic solution...

Root relaxation: objective 3.453333e+02, 3349 iterations, 1.97 seconds (0.54 work units)
Total elapsed time = 13.08s (DegenMoves)
Total elapsed time = 21.51s (DegenMoves)
Total elapsed time = 28.51s (DegenMoves)
Total elapsed time = 34.41s (DegenMoves)

    Nodes    |    Current Node    |     Objective Bounds      |     Work
 Expl Unexpl |  Obj  Depth IntInf | Incumbent    BestBd   Gap | It/Node Time

     0     0  345.33333    0  570          -  345.33333      -     -   38s
H    0     0                    5.656065e+07  678.66667   100%     -   40s
     0     0 2520.00000    0  568 5.6561e+07 2520.00000   100%     -   56s
H    0     0                    817950.00000 2520.00000   100%     -   56s
H    0     0                    610850.00000 2520.00000   100%     -   60s
     0     0 3020.00000    0  571 610850.000 3020.00000   100%     -   61s
     0     0 3020.00000    0  615 610850.000 3020.00000   100%     -   67s
H    0     0                    599950.00000 3020.00000  99.5%     -   68s
     0     0 3020.00000    0  603 599950.000 3020.00000  99.5%     -   69s
     0     0 3020.00000    0  620 599950.000 3020.00000  99.5%     -   73s
H    0     0                    528850.00000 3020.00000  99.4%     -   83s
     0     0 3020.00000    0  625 528850.000 3020.00000  99.4%     -   84s
     0     0 3020.00000    0  480 528850.000 3020.00000  99.4%     -   97s
H    0     0                    509850.00000 3020.00000  99.4%     -   97s
     0     0 3020.00000    0  547 509850.000 3020.00000  99.4%     -   98s
     0     0 3020.00000    0  406 509850.000 3020.00000  99.4%     -  117s
H    0     0                    488850.00000 3020.00000  99.4%     -  120s
     0     2 3020.00000    0  406 488850.000 3020.00000  99.4%     -  129s
H    1     4                    442550.00000 3020.00000  99.3%  3909  148s
H    2     4                    427750.00000 3020.00000  99.3%  2202  148s
     3     8 3020.00000    2  497 427750.000 3020.00000  99.3%  2481  150s
     7    16 3020.00000    3  505 427750.000 3020.00000  99.3%  1737  157s
    15    32 3020.00000    4  499 427750.000 3020.00000  99.3%  1510  161s
H   31    64                    427650.00000 3020.00000  99.3%  2011  194s
H   31    64                    422250.00000 3020.00000  99.3%  2011  194s
H   32    64                    409250.00000 3020.00000  99.3%  2009  194s
H   34    64                    320050.00000 3020.00000  99.1%  1951  194s
    63   126 3020.00000    6  495 320050.000 3020.00000  99.1%  1590  207s
H  127   206                    319050.00000 3020.00000  99.1%  1319  235s
H  131   206                    300550.00000 3020.00000  99.0%  1353  235s
H  134   206                    279550.00000 3020.00000  98.9%  1397  235s
H  139   206                    255550.00000 3020.00000  98.8%  1422  235s
H  193   206                    167530.00000 3020.00000  98.2%  1664  235s
   207   285 3020.53571    8  554 167530.000 3020.00000  98.2%  1776  253s
H  287   363                    29240.000000 3020.00000  89.7%  1560  358s
H  289   363                    17740.000000 3020.00000  83.0%  1558  358s
H  297   363                    17130.000000 3020.00000  82.4%  1547  358s
H  330   363                    14840.000000 3020.00000  79.6%  1496  358s
H  367   443                    13740.000000 3020.00000  78.0%  1439  909s
H  369   443                    12740.000000 3020.00000  76.3%  1437  909s
   447   523 3020.00000    9  485 12740.0000 3020.00000  76.3%  1368 1501s
H  448   523                    12630.000000 3020.00000  76.1%  1365 1501s
H  448   523                    12340.000000 3020.00000  75.5%  1365 1501s
H  450   523                    12230.000000 3020.00000  75.3%  1365 1501s
H  455   523                    11730.000000 3020.00000  74.3%  1362 1501s
H  460   523                    11640.000000 3020.00000  74.1%  1357 1501s
H  464   523                    11540.000000 3020.00000  73.8%  1357 1501s
H  474   523                    9630.0000000 3020.00000  68.6%  1346 1501s
H  491   523                    8940.0000000 3020.00000  66.2%  1325 1501s
   528   524 3040.00000    9  406 8940.00000 3020.00000  66.2%  1300 1529s
   530   525 3030.00000   10  510 8940.00000 3020.00000  66.2%  1295 1563s
   531   526 3020.63716   11  556 8940.00000 3020.00000  66.2%  1292 1587s
   532   527 3020.00000   10  578 8940.00000 3020.00000  66.2%  1290 1602s
H  532   500                    8840.0000000 3020.00000  65.8%  1290 1619s
   534   501 3020.62500    9  588 8840.00000 3020.00000  65.8%  1285 1624s
   535   502 3020.00000    8  504 8840.00000 3020.00000  65.8%  1283 1687s
   536   502 3030.00000    9  531 8840.00000 3020.00000  65.8%  1280 1704s
   537   503 3020.00000    8  519 8840.00000 3020.00000  65.8%  1278 1777s
   538   504 3020.00000   10  585 8840.00000 3020.00000  65.8%  1275 1782s
   539   504 3021.53846   12  478 8840.00000 3020.00000  65.8%  1273 1820s
   540   505 3020.00000    8  478 8840.00000 3020.00000  65.8%  1271 1829s
   541   509 3020.00000   10  525 8840.00000 3020.00000  65.8%  1420 1888s
   543   512 3020.00000   11  541 8840.00000 3020.00000  65.8%  1418 1928s
   547   519 3020.00000   12  517 8840.00000 3020.00000  65.8%  1420 1974s
   555   532 3020.00000   13  516 8840.00000 3020.00000  65.8%  1418 2001s
   571   559 3020.00045   14  581 8840.00000 3020.00000  65.8%  1483 2111s
H  581   530                    8740.0000000 3020.00000  65.4%  1489 2112s
   603   587 3032.20930   15  593 8740.00000 3020.00000  65.4%  1505 2139s
   667   646 3035.35359   16  596 8740.00000 3020.00000  65.4%  1774 2203s
   747   675 infeasible   17      8740.00000 3020.00000  65.4%  1834 2468s
H  750   649                    8730.0000000 3020.00000  65.4%  1828 2468s
   827   677 infeasible   17      8730.00000 3020.00000  65.4%  1791 2647s
H  829   654                    8650.0000000 3020.00000  65.1%  1787 2647s
   907   686 3020.00000   19  483 8650.00000 3020.00000  65.1%  1762 2668s
   987   727 3020.00000   20  454 8650.00000 3020.00000  65.1%  1727 2847s
  1071   776 3020.07562   21  587 8650.00000 3020.00000  65.1%  1755 5287s
H 1076   753                    8630.0000000 3020.00000  65.0%  1755 5287s
H 1088   728                    8140.0000000 3020.00000  62.9%  1772 5287s
  1154   859 3025.83333   22  586 8140.00000 3020.00000  62.9%  1774 5350s
  1313   883 3025.83333   24  559 8140.00000 3020.00000  62.9%  1749 5633s
H 1330   858                    7040.0000000 3020.00000  57.1%  1744 5633s
H 1340   835                    7030.0000000 3020.00000  57.0%  1745 5633s
  1396  1014 3028.33333   25  541 7030.00000 3020.00000  57.0%  1744 5700s
  1631  1137 3170.00000   28  574 7030.00000 3020.00000  57.0%  1731 5804s
  1854  1371 infeasible   30      7030.00000 3020.00000  57.0%  1754 5862s
  2137  1437 5374.48276   32  495 7030.00000 3020.00000  57.0%  1725 6136s
H 2149  1437                    6230.0000000 3020.00000  51.5%  1722 6136s
  2230  1605 5381.66667   33  507 6230.00000 3020.00000  51.5%  1720 6203s
  2571  1808 5906.66667   35  481 6230.00000 3020.00000  51.5%  1681 6269s
  2930  2021 6040.00000   37  506 6230.00000 3020.00000  51.5%  1638 6361s
  3276  2083 infeasible   38      6230.00000 3020.00000  51.5%  1601 6623s
H 3283  2083                    6140.0000000 3020.00000  50.8%  1600 6623s
  3372  2322 3022.48506   22  588 6140.00000 3020.00000  50.8%  1598 6722s
  3777  2592 3026.66667   25  520 6140.00000 3020.00000  50.8%  1570 6795s
  4169  2877 3062.00000   31  560 6140.00000 3020.00000  50.8%  1559 6869s
  4559  2953 3715.61971   40  565 6140.00000 3020.00000  50.8%  1554 7096s
  4643  3323 3718.41819   41  565 6140.00000 3020.00000  50.8%  1552 7193s
  5060  3697 5118.04831   49  512 6140.00000 3020.00000  50.8%  1550 7293s
  5568  4047 5842.42098   52  495 6140.00000 3020.00000  50.8%  1541 7361s
  6126  4395 3024.70066   26  580 6140.00000 3020.00000  50.8%  1520 7445s
  6671  4707 3668.04018   31  607 6140.00000 3020.00000  50.8%  1504 7551s
  7188  5095 3700.98653   35  588 6140.00000 3020.00000  50.8%  1493 7617s
  7707  5495 4631.37500   43  484 6140.00000 3020.00000  50.8%  1484 7706s
  8290  5840 5914.86297   47  519 6140.00000 3020.00000  50.8%  1474 7802s
  8965  6215 infeasible   49      6140.00000 3020.00000  50.8%  1459 7885s
  9609  6552 3021.25000   22  524 6140.00000 3020.00000  50.8%  1442 8011s
 10190  6933 3030.33160   28  540 6140.00000 3020.00000  50.8%  1439 8080s
 10912  6997 3450.99714   42  507 6140.00000 3020.00000  50.8%  1423 11415s
 11006  7447 4333.68941   43  489 6140.00000 3020.00000  50.8%  1424 11469s
 11858  7490     cutoff   51      6140.00000 3020.00000  50.8%  1406 11622s
 11977  7847     cutoff   50      6140.00000 3020.00000  50.8%  1404 11666s
 12912  8189 3022.86232   26  540 6140.00000 3020.00000  50.8%  1388 11713s
 13784  8637 infeasible   34      6140.00000 3020.00000  50.8%  1382 11788s
 14633  8699 3861.66667   29  545 6140.00000 3020.00000  50.8%  1376 11914s
 14751  8951 4020.00000   30  478 6140.00000 3020.00000  50.8%  1373 12112s
 15155  9541 4020.00000   34  449 6140.00000 3020.00000  50.8%  1375 12159s
 16241  9942     cutoff   49      6140.00000 3020.00000  50.8%  1370 12288s
 16879 10736 5510.35404   51  490 6140.00000 3020.00000  50.8%  1373 12324s
 18165 11456 3072.13879   30  578 6140.00000 3020.00000  50.8%  1356 12359s
 19435 12052     cutoff   43      6140.00000 3020.00000  50.8%  1349 12434s
 20252 12052     cutoff   53      6140.00000 3020.00000  50.8%  1347 12435s
 20452 12618 4168.40372   31  508 6140.00000 3020.00000  50.8%  1350 12475s
 21128 13415 3020.52632   23  562 6140.00000 3020.00000  50.8%  1356 12512s
 22214 13521 3034.20923   35  501 6140.00000 3020.00000  50.8%  1365 12589s
 22348 14459 3031.72360   35  509 6140.00000 3020.00000  50.8%  1367 12619s
 23634 15480 3243.79021   37  520 6140.00000 3020.00000  50.8%  1376 12650s
 24992 16294 4034.28571   46  483 6140.00000 3020.00000  50.8%  1379 12729s
 26056 17548 4822.54890   49  488 6140.00000 3020.00000  50.8%  1383 12758s
 27905 17694 3022.74810   27  591 6140.00000 3020.00000  50.8%  1377 12823s
 28112 17898 3024.23619   28  582 6140.00000 3020.00000  50.8%  1377 13741s
 28464 18920 3037.95733   32  528 6140.00000 3020.00000  50.8%  1377 13920s
 30326 20253     cutoff   55      6140.00000 3020.00000  50.8%  1375 14041s
 32513 21429 3030.00000   33  499 6140.00000 3020.00000  50.8%  1375 14193s
 33899 22992 3031.05039   41  543 6140.00000 3020.00000  50.8%  1384 14336s
 36332 23660 3022.69097   32  567 6140.00000 3020.00000  50.8%  1380 14602s
 37474 25210 4555.00000   45  477 6140.00000 3020.00000  50.8%  1383 14862s
 39949 26874 3024.81481   34  546 6140.00000 3020.00000  50.8%  1388 15103s
 41873 29005 3869.25128   42  516 6140.00000 3020.00000  50.8%  1399 15178s
 45084 29281 5593.50254   61  493 6140.00000 3020.00000  50.8%  1392 15279s
 45561 31027     cutoff   61      6140.00000 3021.02960  50.8%  1392 15363s
 48544 31028 3855.60091   31  406 6140.00000 3021.12121  50.8%  1393 15381s
 48546 31029 3022.22222   28  450 6140.00000 3021.12121  50.8%  1393 15390s
 48548 31031 4319.38201   55  572 6140.00000 3021.12121  50.8%  1393 15395s
 48551 31033 5025.00000   32  488 6140.00000 3021.12121  50.8%  1393 15410s
 48553 31034 3030.00000   23  491 6140.00000 3021.12121  50.8%  1393 15435s
 48554 31035 5040.00000   28  578 6140.00000 3021.12121  50.8%  1393 15447s
 48555 31035 5040.00000   29  614 6140.00000 3021.12121  50.8%  1393 15451s
 48556 31036 3711.49420   38  605 6140.00000 3021.12121  50.8%  1393 15455s
 48558 31037 4020.00000   38  602 6140.00000 3021.12121  50.8%  1393 15472s
 48559 31038 3585.31259   25  602 6140.00000 3021.12121  50.8%  1393 15479s
 48560 31042 3021.25000   25  523 6140.00000 3021.12121  50.8%  1394 15512s
 48562 31045 3021.75000   26  543 6140.00000 3021.75000  50.8%  1394 15529s
 48566 31052 3021.75000   27  583 6140.00000 3021.75000  50.8%  1394 15544s
 48574 31065 3022.27273   28  559 6140.00000 3021.75000  50.8%  1394 15555s
 48590 31092 3030.00000   29  543 6140.00000 3022.18750  50.8%  1394 15647s
 48622 31145 3030.00000   30  517 6140.00000 3022.18750  50.8%  1394 15659s
 48686 31204 3030.00000   31  527 6140.00000 3023.88889  50.8%  1396 15737s
 48766 31257 3030.00000   32  517 6140.00000 3024.37500  50.7%  1396 15950s
 48846 31306 3030.00000   32  566 6140.00000 3025.50000  50.7%  1396 16115s
 48926 31358 3093.25220   33  584 6140.00000 3025.50000  50.7%  1396 16139s
 49006 31475 3049.36508   33  544 6140.00000 3025.50000  50.7%  1397 16181s
 49156 31555 4530.00000   34  540 6140.00000 3025.50000  50.7%  1398 16215s
 49306 31581 4533.17460   35  513 6140.00000 3025.50000  50.7%  1398 16400s
 49388 31738 4772.60870   36  571 6140.00000 3025.50000  50.7%  1398 16435s
 49598 31758 4713.33333   37  519 6140.00000 3025.50000  50.7%  1399 16493s
 49708 31791 4845.00000   38  508 6140.00000 3025.50000  50.7%  1399 17013s
 49796 31993 5040.00000   38  497 6140.00000 3025.50000  50.7%  1399 17045s
 50081 32111 5758.00000   40  473 6140.00000 3025.50000  50.7%  1399 17064s
 50365 32079 5540.00000   42  436 6140.00000 3025.50000  50.7%  1399 17213s
 50459 32254 5608.75000   43  498 6140.00000 3025.50000  50.7%  1399 17241s
 50793 32377 5540.00000   45  431 6140.00000 3025.50000  50.7%  1398 17279s
 51150 32493 6040.00000   48  464 6140.00000 3027.91667  50.7%  1397 17308s
 51544 32614 3032.91667   32  560 6140.00000 3030.00000  50.7%  1395 17340s
 51897 33456 3265.00000   36  517 6140.00000 3030.00000  50.7%  1395 17409s
 53221 33966 3660.00000   39  497 6140.00000 3030.00000  50.7%  1395 17452s
 54667 34529 3435.06425   44  540 6140.00000 3030.00000  50.7%  1392 17478s
 56288 34462 3742.65970   46  528 6140.00000 3030.00000  50.7%  1389 17748s
 56944 35440 3797.33035   48  523 6140.00000 3030.00000  50.7%  1390 17774s
 59085 34786 4094.59400   57  490 6140.00000 3030.00000  50.7%  1389 17826s
 59185 36004 4283.02929   57  487 6140.00000 3030.00000  50.7%  1389 17879s
 61482 36589 3030.00000   36  486 6140.00000 3030.00000  50.7%  1386 17913s
 63883 35856 5207.98250   62  446 6140.00000 3030.00000  50.7%  1382 17961s
 63971 37293 5329.38320   63  495 6140.00000 3030.00000  50.7%  1382 17989s
 66452 36518     cutoff   57      6140.00000 3030.00000  50.7%  1380 18271s
 66557 37656 infeasible   58      6140.00000 3030.00000  50.7%  1380 18407s
 68641 38995 3033.51207   46  571 6140.00000 3030.00000  50.7%  1378 18464s
 71654 39545 4645.30430   61  509 6140.00000 3030.00000  50.7%  1380 18545s
 73411 39539 infeasible   66      6140.00000 3030.00000  50.7%  1385 18859s
 74039 39330 3819.70689   58  562 6140.00000 3030.00000  50.7%  1386 18860s
 74141 43097     cutoff   68      6140.00000 3030.00000  50.7%  1385 18994s
 80598 41010 3932.62472   49  564 6140.00000 3030.00000  50.7%  1368 19083s
 80690 41047 4076.98978   50  565 6140.00000 3030.00000  50.7%  1368 19675s
 80783 43905 4311.21020   51  560 6140.00000 3030.00000  50.7%  1368 19737s
 86038 42214 5156.45201   49  516 6140.00000 3030.00000  50.7%  1361 19987s
 86137 44873 5205.72631   50  515 6140.00000 3030.00000  50.7%  1362 20050s
 91072 43295 5213.94035   49  477 6140.00000 3030.00000  50.7%  1359 20101s
 91162 44579 5320.02020   50  530 6140.00000 3030.00000  50.7%  1359 20441s
 93339 45763 4891.17721   60  539 6140.00000 3030.00000  50.7%  1356 20750s
 96875 57269 3532.22629   57  595 6140.00000 3030.00000  50.7%  1352 21207s
 118498 50114 6031.88766   73  456 6140.00000 3030.00000  50.7%  1336 21716s
 118605 53963     cutoff   74      6140.00000 3030.00000  50.7%  1336 21916s
 125631 51675 5601.80573   70  474 6140.00000 3030.00000  50.7%  1327 22469s
 125734 55241 5677.09066   71  453 6140.00000 3030.00000  50.7%  1326 22964s
 132697 52982 3030.00000   49  476 6140.00000 3030.00000  50.7%  1322 23498s
 132793 57783 3030.51242   50  535 6140.00000 3030.00000  50.7%  1322 23887s
 143185 54824 3904.00433   60  406 6140.00000 3030.00000  50.7%  1307 23918s
 143187 54825 5466.02304   71  536 6140.00000 3030.00000  50.7%  1307 23932s
 143188 54826 4239.34783   54  551 6140.00000 3030.00000  50.7%  1307 23936s
 143189 54827 3726.37214   60  569 6140.00000 3030.00000  50.7%  1307 23940s
 143191 54828 3131.49887   57  609 6140.00000 3030.00000  50.7%  1307 23947s
 143192 54829 3030.00000   40  543 6140.00000 3030.00000  50.7%  1307 23974s
 143193 54829 5073.76298   57  645 6140.00000 3030.00000  50.7%  1307 23982s
 143194 54830 3096.78064   54  653 6140.00000 3030.00000  50.7%  1307 23986s
 143196 54831 5359.46504   63  648 6140.00000 3030.00000  50.7%  1307 23990s
 143198 54833 3216.03811   53  577 6140.00000 3030.00000  50.7%  1307 24006s
 143199 54833 3036.76557   48  622 6140.00000 3030.00000  50.7%  1307 24010s
 143200 54834 4219.79121   65  600 6140.00000 3030.00000  50.7%  1307 24021s
 143201 54835 3348.90345   56  600 6140.00000 3030.00000  50.7%  1307 24222s
 143202 54838 3030.00000   36  565 6140.00000 3030.00000  50.7%  1308 24234s
 143204 54842 3030.00000   37  527 6140.00000 3030.00000  50.7%  1308 24238s
 143208 54848 3030.00000   38  545 6140.00000 3030.00000  50.7%  1308 24243s
 143216 54862 3030.00000   39  564 6140.00000 3030.00000  50.7%  1308 24301s
 143232 54888 3030.00000   40  553 6140.00000 3030.00000  50.7%  1308 24717s
 143264 54942 3030.00000   41  567 6140.00000 3030.00000  50.7%  1308 24724s
 143328 55000 3030.00000   42  514 6140.00000 3030.00000  50.7%  1308 25085s
 143408 55054 3030.00000   43  513 6140.00000 3030.00000  50.7%  1308 25092s
 143488 55107 3030.00000   43  538 6140.00000 3030.00000  50.7%  1308 25338s
 143568 55158 3030.00000   44  531 6140.00000 3030.00000  50.7%  1308 27698s
 143648 55284 3030.00000   44  554 6140.00000 3030.00000  50.7%  1308 27705s
 143808 55379 3030.00000   45  529 6140.00000 3030.00000  50.7%  1308 27712s
 143965 55402 3160.00000   46  522 6140.00000 3030.00000  50.7%  1308 27881s
 144046 55590 3120.00000   47  539 6140.00000 3030.00000  50.7%  1308 27888s
 144277 55725 3207.14286   48  537 6140.00000 3030.00000  50.7%  1308 27895s
 144505 55871 4530.00000   49  544 6140.00000 3030.00000  50.7%  1308 27902s
 144766 55850 3535.00000   50  550 6140.00000 3030.00000  50.7%  1309 28047s
 144856 56067 3383.33333   51  552 6140.00000 3030.00000  50.7%  1309 28054s
 145174 56154 3435.00000   52  546 6140.00000 3030.00000  50.7%  1309 28061s
 145495 56256 3780.00000   54  482 6140.00000 3030.00000  50.7%  1309 28070s
 145838 56204 4031.42857   55  523 6140.00000 3030.00000  50.7%  1309 28257s
 145934 56372 3780.00000   55  519 6140.00000 3030.00000  50.7%  1309 28282s
 146309 56454 4240.00000   57  521 6140.00000 3030.00000  50.7%  1309 28313s
 146663 56592 4280.00000   58  516 6140.00000 3030.00000  50.7%  1309 28342s
 147043 56517 4530.00000   60  523 6140.00000 3030.00000  50.7%  1310 28638s
 147147 56805 4711.57895   61  514 6140.00000 3030.00000  50.7%  1310 28662s
 147628 56946     cutoff   63      6140.00000 3030.00000  50.7%  1310 28696s
 148147 56834 infeasible   65      6140.00000 3030.00000  50.7%  1310 31496s
 148245 57102 5830.53630   65  573 6140.00000 3030.00000  50.7%  1310 31519s
 148801 57288 5617.94220   68  521 6140.00000 3030.00000  50.7%  1310 31574s
 149401 57158 3030.00000   44  544 6140.00000 3030.00000  50.7%  1310 31991s
 149499 57469 3248.75000   45  529 6140.00000 3030.00000  50.7%  1310 32022s
 150111 57637 4056.00000   51  484 6140.00000 3030.00000  50.7%  1310 32045s
 150725 57771 5391.54749   67  493 6140.00000 3030.00000  50.7%  1310 32405s
 151358 57669     cutoff   72      6140.00000 3030.00000  50.7%  1310 32499s
 151548 58025 3035.96154   44  569 6140.00000 3030.00000  50.7%  1310 32526s
 152217 57852 4285.83333   49  528 6140.00000 3030.00000  50.7%  1311 32878s
 152330 58318 4285.83333   50  527 6140.00000 3030.00000  50.7%  1311 32910s
 153176 58452 6070.75177   64  557 6140.00000 3030.00000  50.7%  1311 32971s
 154020 58634 5825.00000   69  452 6140.00000 3030.00000  50.7%  1311 33095s
 154837 58681 6114.24051   69  489 6140.00000 3030.00000  50.7%  1311 33548s
 155346 59099 3098.00000   45  554 6140.00000 3030.00000  50.7%  1312 33597s
 156443 59273 3197.03526   47  547 6140.00000 3030.00000  50.7%  1311 33665s
 157411 59433 3202.53968   48  575 6140.00000 3030.00000  50.7%  1312 34036s
 158473 59600 3536.54321   51  503 6140.00000 3030.00000  50.7%  1312 34117s
 160104 59729 3717.12376   57  516 6140.00000 3030.00000  50.7%  1310 34187s
 161424 60068 4685.16902   61  540 6140.00000 3030.00000  50.7%  1310 34263s
 162819 60335 5343.74917   68  531 6140.00000 3030.00000  50.7%  1309 34329s
 164146 61201 5020.10638   49  456 6140.00000 3030.00000  50.7%  1309 34748s
 166248 63399 3387.83250   60  544 6140.00000 3030.00000  50.7%  1311 34890s
 170381 62095 3285.45785   62  525 6140.00000 3030.00000  50.7%  1313 37168s
 170468 64656 3285.58697   62  487 6140.00000 3030.00000  50.7%  1313 37376s
 174982 63301     cutoff   70      6140.00000 3030.00000  50.7%  1311 37764s
 175232 65549 3035.09062   59  542 6140.00000 3030.00000  50.7%  1311 37920s
 179767 64512 3190.17581   54  540 6140.00000 3030.00000  50.7%  1312 38314s
 180656 67071 4058.78327   55  553 6140.00000 3030.00000  50.7%  1312 38490s
 185445 66238     cutoff   76      6140.00000 3030.00000  50.7%  1314 38819s
 186362 65933 4958.60498   67  503 6140.00000 3030.00000  50.7%  1314 38820s
 186926 68649 3576.01650   75  532 6140.00000 3030.00000  50.7%  1314 39221s
 192539 66828 3533.57685   65  509 6140.00000 3030.00000  50.7%  1316 44530s
 192646 77944 4172.81454   66  552 6140.00000 3030.00000  50.7%  1316 45614s
 195992 76829 5544.71706   70  529 6140.00000 3030.00000  50.7%  1318 45615s
 211766 73651     cutoff   77      6140.00000 3030.00000  50.7%  1320 45962s
 217536 77267     cutoff   62      6140.00000 3030.00000  50.7%  1317 46317s
 224915 74808 3174.76559   62  565 6140.00000 3030.00000  50.7%  1316 46320s
 227873 75952 3628.07961   64  550 6140.00000 3030.00000  50.7%  1317 46844s
 228088 75880 3030.00256   61  553 6140.00000 3030.00000  50.7%  1317 46845s
 232004 74694 3350.79086   61  537 6140.00000 3030.00000  50.7%  1317 50977s
 232198 78263 3729.23348   62  549 6140.00000 3030.00000  50.7%  1317 51825s
 238947 94658 3093.65511   62  597 6140.00000 3030.00000  50.7%  1315 53926s
 273747 85569 3403.67536   76  504 6140.00000 3030.00000  50.7%  1320 54498s
 277625 84339 3403.67536   77  503 6140.00000 3030.00000  50.7%  1320 58574s
 277723 89543 3403.67536   78  502 6140.00000 3030.00000  50.7%  1320 59246s
 283096 87752 4947.33085   65  570 6140.00000 3030.00000  50.7%  1320 59250s
 287391 112777 3333.26265   57  558 6140.00000 3030.00000  50.7%  1319 61341s
 293896 110609 3030.00000   50  521 6140.00000 3030.00000  50.7%  1319 61345s
 334461 128508 3036.45033   57  579 6140.00000 3030.00000  50.7%  1322 62912s
 340233 128508 3571.28676   67  528 6140.00000 3030.00000  50.7%  1321 62915s
 352314 128508 3782.55065   69  511 6140.00000 3030.00000  50.7%  1322 62920s
 375857 128564     cutoff   76      6140.00000 3030.00000  50.7%  1322 65651s
 375959 133613 5758.46406   75  444 6140.00000 3030.00000  50.7%  1322 66296s
 385053 134615 infeasible   73      6140.00000 3030.00000  50.7%  1321 68645s
 386811 177395 3030.00000   62  496 6140.00000 3030.00000  50.7%  1322 71366s
 399824 177395 3565.65234   59  576 6140.00000 3030.00000  50.7%  1322 71372s
 405207 177395 3030.00000   51  566 6140.00000 3030.00000  50.7%  1322 71375s
 426851 177395 3030.22834   56  535 6140.00000 3030.00000  50.7%  1321 71386s
 466891 182226 5348.96885   73  501 6140.00000 3030.00000  50.7%  1323 72423s
 474743 182302 4646.84818   64  515 6140.00000 3030.00000  50.7%  1324 76673s
 474826 218788 4674.76130   64  509 6140.00000 3030.00000  50.7%  1324 78606s
 541149 218924 5031.05832   65  531 6140.00000 3030.00000  50.7%  1327 80719s
 541408 262473 3034.79447   64  559 6140.00000 3030.00000  50.7%  1327 83459s
 557424 262473 3197.55638   63  573 6140.00000 3030.00000  50.7%  1326 83466s
 618485 262473 3366.85644   54  553 6140.00000 3030.00000  50.7%  1331 83495s
 621488 263023     cutoff   59      6140.00000 3030.00000  50.7%  1332 85581s
 622520 306938 6058.54629   59  556 6140.00000 3030.00000  50.7%  1332 88495s
 636534 306938 3030.00000   53  549 6140.00000 3030.00000  50.7%  1332 88502s
 642540 306938 5102.14286   70  522 6140.00000 3030.00000  50.7%  1332 88505s
 661559 306938 5562.69076   72  513 6140.00000 3030.00000  50.7%  1334 88515s
 702600 307421 4438.86522   62  558 6140.00000 3030.00000  50.7%  1337 90806s
 703457 351916 4785.90703   65  540 6140.00000 3030.00000  50.7%  1337 93341s
 720474 351916 5477.73655   68  510 6140.00000 3030.00000  50.7%  1338 93345s
 741495 351916 5310.60920   73  525 6140.00000 3030.00000  50.7%  1338 93350s
 781535 351916 5051.37290   79  496 6140.00000 3030.00000  50.7%  1339 93356s
 783537 352229 4279.59677   69  567 6140.00000 3030.00000  50.7%  1339 95330s
 784087 398025 4328.91269   70  540 6140.00000 3030.00000  50.7%  1339 97589s
 810113 398025 5187.73066   69  536 6140.00000 3030.00000  50.7%  1340 97592s
 834137 398025 3667.77778   56  504 6140.00000 3030.00000  50.7%  1340 97595s
 864167 398774 4783.33824   68  522 6140.00000 3030.00000  50.7%  1341 99305s
 865587 442356 5767.42240   69  504 6140.00000 3030.00000  50.7%  1341 101652s
 910632 442356 4916.91709   67  546 6140.00000 3030.00000  50.7%  1343 101667s
 924646 442356 4307.19160   65  504 6140.00000 3030.00000  50.7%  1343 101672s
 945667 442722 5662.07203   61  539 6140.00000 3030.00000  50.7%  1343 103274s
 946313 485715 5710.18740   62  527 6140.00000 3030.00000  50.7%  1343 104942s
 999366 485715 3030.00000   55  577 6140.00000 3030.00000  50.7%  1343 104949s
 1026393 485804     cutoff   71      6140.00000 3030.00000  50.7%  1344 106218s
 1026613 528564     cutoff   72      6140.00000 3030.00000  50.7%  1344 107596s
 1084671 528564 4671.02981   71  529 6140.00000 3030.00000  50.7%  1347 107604s
 1106693 528659     cutoff   74      6140.00000 3030.00000  50.7%  1348 108452s
 1106977 571355 3303.38343   58  569 6140.00000 3030.00000  50.7%  1348 109579s
 1114985 571355 4219.33480   69  513 6140.00000 3030.00000  50.7%  1349 109580s
 1187057 571671     cutoff   69      6140.00000 3030.00000  50.7%  1352 111495s
 1187706 616938 6024.15398   69  487 6140.00000 3030.00000  50.7%  1352 113309s
 1218737 616938 5680.47947   65  534 6140.00000 3030.00000  50.7%  1354 113314s
 1227746 616938     cutoff   71      6140.00000 3030.00000  50.7%  1354 113315s
 1267786 617171 4359.97257   68  522 6140.00000 3030.00000  50.7%  1355 114816s

Cutting planes:
  Gomory: 4
  Lift-and-project: 3
  Cover: 50
  Clique: 53
  MIR: 32
  Flow cover: 138
  Inf proof: 25
  Zero half: 159
  RLT: 599
  BQP: 24

Explored 1268140 nodes (1718898535 simplex iterations) in 114816.85 seconds (31830.49 work units)
Thread count was 80 (of 140 available processors)

Solution count 10: 6140 6230 7030 ... 8840

Solve interrupted
Best objective 6.140000000000e+03, best bound 3.030000000000e+03, gap 50.6515%
