
Gurobi 11.0.3 (linux64, Matlab) logging started Sun 06 Oct 2024 08:17:48 PM EDT

Set parameter Username
Set parameter Method to value 3
Set parameter MIPFocus to value 1
Set parameter LogFile to value "runs/PIONEER25_All_Teams_5/logfile5.txt"
Set parameter Threads to value 80
Academic license - for non-commercial use only - expires 2025-03-10
Gurobi Optimizer version 11.0.3 build v11.0.3rc0 (linux64 - "Red Hat Enterprise Linux 9.4 (Plow)")

CPU model: Intel(R) Xeon(R) CPU E5-4650 v2 @ 2.40GHz, instruction set [SSE2|AVX]
Thread count: 70 physical cores, 140 logical processors, using up to 80 threads

Optimize a model with 17798 rows, 32686 columns and 86782 nonzeros
Model fingerprint: 0x4d9a81ca
Variable types: 0 continuous, 32686 integer (32686 binary)
Coefficient statistics:
  Matrix range     [1e+00, 1e+01]
  Objective range  [1e+01, 2e+06]
  Bounds range     [1e+00, 1e+00]
  RHS range        [1e+00, 5e+01]
Presolve removed 1339 rows and 14187 columns
Presolve time: 0.19s
Presolved: 16459 rows, 18499 columns, 64563 nonzeros
Variable types: 0 continuous, 18499 integer (17296 binary)
Concurrent LP optimizer: primal simplex, dual simplex, and barrier
Showing barrier log only...

Root barrier log...

Ordering time: 0.27s

Barrier statistics:
 AA' NZ     : 2.767e+05
 Factor NZ  : 2.910e+06 (roughly 35 MB of memory)
 Factor Ops : 9.962e+08 (less than 1 second per iteration)
 Threads    : 77

                  Objective                Residual
Iter       Primal          Dual         Primal    Dual     Compl     Time
   0   4.99092960e+09 -2.97133229e+10  7.51e+01 5.01e+03  1.29e+07     1s
   1   2.14397465e+09 -3.96161351e+10  2.17e+01 4.52e+05  4.03e+06     1s
   2   7.09975743e+08 -1.87874683e+10  9.64e-01 1.63e-09  5.34e+05     1s
   3   1.53957414e+08 -3.71655182e+09  1.73e-02 8.73e-10  9.32e+04     1s
   4   9.75522819e+07 -4.15646279e+08  5.38e-03 3.49e-10  1.23e+04     1s
   5   4.36879038e+07 -2.35789343e+08  1.74e-03 3.49e-10  6.71e+03     1s
   6   1.58242580e+07 -3.82514770e+07  4.06e-04 2.33e-10  1.30e+03     1s
   7   4.77535549e+06 -6.03423992e+06  9.06e-05 2.33e-10  2.60e+02     1s
   8   2.11296021e+05 -7.25213098e+05  2.70e-06 3.49e-10  2.25e+01     1s
   9   5.77243985e+04 -2.59044702e+05  6.50e-07 2.33e-10  7.61e+00     1s
  10   1.16912169e+04 -7.79913932e+04  1.17e-07 2.33e-10  2.15e+00     2s
  11   6.98935622e+03 -2.36534585e+04  6.78e-08 2.33e-10  7.36e-01     2s
  12   2.17049686e+03 -1.04079980e+04  1.50e-08 2.33e-10  3.02e-01     2s
  13   7.79605806e+02 -2.46580798e+03  1.84e-09 2.33e-10  7.79e-02     2s
  14   6.08297021e+02 -1.75525166e+02  6.43e-10 3.49e-10  1.88e-02     2s
  15   5.22091662e+02  3.78097781e+02  9.71e-11 3.49e-10  3.46e-03     2s

Barrier performed 15 iterations in 1.97 seconds (0.52 work units)
Barrier solve interrupted - model solved by another algorithm


Solved with dual simplex

Use crossover to convert LP symmetric solution to basic solution...

Root relaxation: objective 5.000000e+02, 5469 iterations, 1.98 seconds (1.14 work units)
Total elapsed time = 5.53s (DegenMoves)

    Nodes    |    Current Node    |     Objective Bounds      |     Work
 Expl Unexpl |  Obj  Depth IntInf | Incumbent    BestBd   Gap | It/Node Time

     0     0  500.00000    0  542          -  500.00000      -     -   11s
H    0     0                    2.069157e+07  500.00000   100%     -   11s
H    0     0                    8262000.0000  500.00000   100%     -   11s
     0     0 1001.81818    0  648 8262000.00 1001.81818   100%     -   14s
H    0     0                    5609320.0000 1001.81818   100%     -   14s
H    0     0                    4140520.0000 1001.81818   100%     -   28s
     0     0 1001.81818    0  631 4140520.00 1001.81818   100%     -   29s
     0     0 1009.99999    0  679 4140520.00 1009.99999   100%     -   34s
H    0     0                    4130720.0000 1009.99999   100%     -   35s
     0     0 1009.99999    0  675 4130720.00 1009.99999   100%     -   35s
     0     0 1009.99999    0  673 4130720.00 1009.99999   100%     -   38s
     0     0 1009.99999    0  678 4130720.00 1009.99999   100%     -   39s
     0     0 1010.45217    0  614 4130720.00 1010.45217   100%     -   49s
     0     0 1010.64469    0  700 4130720.00 1010.64469   100%     -   51s
     0     0 1010.67000    0  668 4130720.00 1010.67000   100%     -   52s
     0     0 1012.41378    0  591 4130720.00 1012.41378   100%     -   60s
H    0     0                    4119720.0000 1012.41378   100%     -   63s
H    0     0                    4110720.0000 1012.75861   100%     -   65s
H    0     2                    2330510.0000 1012.75861   100%     -   70s
     0     2 1012.75861    0  562 2330510.00 1012.75861   100%     -   70s
H    1     4                    1527510.0000 1012.75861   100%  5452  134s
     3     8 1013.21758    2  635 1527510.00 1012.75861   100%  3231  136s
    15    32 1769.16667    4  577 1527510.00 1015.39474   100%  2609  142s
H   31    64                    1524510.0000 1015.47619   100%  3329  210s
H   31    64                    1517510.0000 1015.47619   100%  3329  210s
H   33    64                    1454510.0000 1015.47619   100%  3271  210s
    63   128 2017.74398    6  574 1454510.00 1016.45833   100%  2736  216s
   127   208 3015.83922    7  629 1454510.00 1022.22222   100%  3533  222s
H  136   208                    1445510.0000 1022.22222   100%  3419  222s
H  139   208                    1426010.0000 1022.22222   100%  3394  222s
H  156   208                    1394510.0000 1022.22222   100%  3250  222s
   207   288 3015.85358    8  662 1394510.00 1022.22222   100%  2948  228s
H  287   368                    40130.000000 1022.22222  97.5%  2579  281s
H  288   368                    37130.000000 1022.22222  97.2%  2574  281s
H  294   368                    34430.000000 1022.22222  97.0%  2563  281s
H  299   368                    28420.000000 1022.22222  96.4%  2548  281s
H  367   448                    26320.000000 1022.22222  96.1%  2369  315s
H  368   448                    24320.000000 1022.22222  95.8%  2368  315s
H  371   448                    24120.000000 1022.22222  95.8%  2360  315s
H  376   448                    21220.000000 1022.22222  95.2%  2352  315s
H  447   529                    20230.000000 1022.22222  94.9%  2216  406s
H  476   529                    20130.000000 1022.22222  94.9%  2239  406s
H  499   529                    20010.000000 1022.22222  94.9%  2273  406s
H  530   601                    17530.000000 1022.22222  94.2%  2256  959s
H  545   601                    16220.000000 1022.22222  93.7%  2250  959s
H  563   601                    15730.000000 1022.22222  93.5%  2252  959s
   613   736 3015.99202   10  595 15730.0000 1022.22222  93.5%  2242  969s
H  772   814                    15130.000000 1022.22222  93.2%  2090 1045s
H  774   814                    14730.000000 1022.22222  93.1%  2088 1045s
H  790   814                    14630.000000 1022.22222  93.0%  2087 1045s
H  833   814                    14530.000000 1022.22222  93.0%  2083 1045s
H  839   814                    13830.000000 1022.22222  92.6%  2082 1045s
   860  1028 3015.99202   12  624 13830.0000 1022.22222  92.6%  2075 1061s
H 1086  1111                    13730.000000 1022.22222  92.6%  1994 1138s
H 1091  1111                    13630.000000 1022.22222  92.5%  1996 1138s
H 1095  1111                    13530.000000 1022.22222  92.4%  1996 1138s
  1176  1322 3180.98251   16  645 13530.0000 1022.22222  92.4%  1985 1150s
  1398  1410 3184.58642   18  656 13530.0000 1022.22222  92.4%  1935 1228s
H 1430  1410                    13520.000000 1022.22222  92.4%  1931 1228s
H 1455  1410                    13510.000000 1022.22222  92.4%  1921 1228s
H 1490  1410                    12930.000000 1022.22222  92.1%  1924 1228s
  1494  1629 3194.58005   18  648 12930.0000 1022.22222  92.1%  1922 1242s
  1761  1731 3198.24743   20  638 12930.0000 1022.22222  92.1%  1901 1320s
H 1775  1731                    12840.000000 1022.22222  92.0%  1898 1320s
  1869  2016 3727.62000   21  679 12840.0000 1022.22222  92.0%  1890 1334s
  2184  2121 3674.07732   23  648 12840.0000 1022.22222  92.0%  1874 1410s
H 2187  2121                    12820.000000 1022.22222  92.0%  1874 1410s
  2305  2427 4275.48740   24  644 12820.0000 1022.22222  92.0%  1878 1424s
  2653  2541 5296.83996   26  602 12820.0000 1022.22222  92.0%  1865 1501s
  2779  2934 5162.37718   27  569 12820.0000 1022.22222  92.0%  1854 1517s
  3196  3054 5402.77962   30  606 12820.0000 1022.22222  92.0%  1820 1595s
  3340  3457 7394.26459   31  564 12820.0000 1022.22222  92.0%  1805 1613s
  3802  3600 6621.98339   34  556 12820.0000 1022.22222  92.0%  1799 1690s
  3975  3996 6972.34106   36  589 12820.0000 1022.22222  92.0%  1792 1709s
  4483  4379 8525.84174   42  630 12820.0000 1022.22222  92.0%  1781 1730s
  4984  4709 9312.68165   46  553 12820.0000 1022.22222  92.0%  1776 1751s
  5397  5125 11717.6399   53  568 12820.0000 1024.16667  92.0%  1767 1770s
  5918  5672 2348.61765   11  581 12820.0000 1024.16667  92.0%  1760 1789s
  6507  5881 6263.86364   22  545 12820.0000 1024.16667  92.0%  1751 1867s
  6726  6489 7262.65516   25  669 12820.0000 1024.16667  92.0%  1744 1891s
  7453  7026 8015.56010   30  587 12820.0000 1024.16667  92.0%  1725 2702s
H 7663  6857                    11950.000000 1024.16667  91.4%  1717 2702s
  8206  6828 3053.87881   32  591 11950.0000 1024.16667  91.4%  1711 2710s
  8208  6829 4030.00000   21  503 11950.0000 1024.16667  91.4%  1711 2743s
  8209  6830 2040.00000   25  656 11950.0000 1024.16667  91.4%  1711 2746s
  8210  6831 11572.5521   62  654 11950.0000 1024.16667  91.4%  1710 2780s
  8212  6832 5014.45205   25  749 11950.0000 1024.16667  91.4%  1710 2785s
  8216  6835 3041.62025   31  707 11950.0000 1024.16667  91.4%  1709 2850s
  8217  6835 1130.00000   15  557 11950.0000 1024.16667  91.4%  1709 2861s
  8220  6837 2625.56901   33  682 11950.0000 1024.16667  91.4%  1708 2924s
  8221  6838 1992.41378   18  664 11950.0000 1024.16667  91.4%  1708 2925s
  8222  6839 2493.15377   23  707 11950.0000 1024.16667  91.4%  1708 2987s
  8223  6839 4016.71429   17  614 11950.0000 1024.16667  91.4%  1708 2993s
  8224  6840 11123.8134   39  614 11950.0000 1024.77124  91.4%  1708 3005s
  8225  6844 1024.77124   10  633 11950.0000 1024.77124  91.4%  1719 3027s
  8227  6847 1163.89136   11  701 11950.0000 1024.77124  91.4%  1720 3030s
  8239  6867 2021.00000   13  654 11950.0000 1024.77124  91.4%  1721 3039s
  8255  6894 2022.50000   14  626 11950.0000 1024.77124  91.4%  1727 3140s
  8287  6947 3029.80769   15  643 11950.0000 1030.00000  91.4%  1729 3147s
  8351  7006 3029.80769   16  612 11950.0000 1030.00000  91.4%  1754 3158s
  8431  7059 3029.80769   17  597 11950.0000 1030.00000  91.4%  1761 3854s
  8511  7110 3029.80769   17  615 11950.0000 1030.00000  91.4%  1766 4272s
  8591  7160 3029.80769   18  626 11950.0000 1030.00000  91.4%  1769 4283s
  8671  7280 3029.80769   18  615 11950.0000 1030.00000  91.4%  1775 4301s
  8820  7374 3029.80769   19  614 11950.0000 1030.00000  91.4%  1788 4313s
  8967  7404 3032.30769   20  603 11950.0000 1030.00000  91.4%  1798 5289s
  9046  7378 5020.00000   24  537 11950.0000 1030.00000  91.4%  1805 5290s
  9048  7577 3316.44444   21  599 11950.0000 1030.00000  91.4%  1806 5302s
  9256  7703 4253.21839   22  599 11950.0000 1030.00000  91.4%  1850 5312s
  9453  7856 3698.97436   24  632 11950.0000 1030.00000  91.4%  1890 5322s
  9672  7863 3616.90160   25  623 11950.0000 1030.00000  91.4%  1926 6338s
  9752  8079 3828.60399   25  616 11950.0000 1030.00000  91.4%  1941 6349s
 10008  8241 3961.32294   27  629 11950.0000 1030.00000  91.4%  1980 6360s
 10284  8434 3962.09998   28  617 11950.0000 1030.00000  91.4%  2011 6371s
 10599  8441 4207.56116   30  648 11950.0000 1030.00000  91.4%  2038 6692s
 10737  8689 5456.11722   30  626 11950.0000 1030.00000  91.4%  2047 6705s
 11118  8635 4615.73333   32  627 11950.0000 1030.00000  91.4%  2069 6995s
 11213  8911 5532.30769   32  572 11950.0000 1030.00000  91.4%  2075 7012s
 11631  9063 4786.25000   34  605 11950.0000 1030.00000  91.4%  2099 7028s
 12051  8994 4905.00944   36  600 11950.0000 1030.00000  91.4%  2123 7798s
 12140  9046 4935.47766   37  601 11950.0000 1030.00000  91.4%  2129 8051s
 12243  9448 7061.81548   37  576 11950.0000 1030.00000  91.4%  2138 8069s
 12771  9762 5609.01681   39  603 11950.0000 1030.00000  91.4%  2166 8086s
 13340 10052 8815.22727   42  568 11950.0000 1030.00000  91.4%  2186 8105s
 13944 10031 7299.72222   46  566 11950.0000 1030.00000  91.4%  2198 8434s
 14178 10564 6914.61039   48  549 11950.0000 1030.00000  91.4%  2202 8453s
 14897 10616 7326.87500   51  520 11950.0000 1030.00000  91.4%  2213 8771s
 15278 11123 8220.35131   52  537 11950.0000 1030.00000  91.4%  2217 8985s
 16073 11660 8140.80952   56  530 11950.0000 1030.00000  91.4%  2227 9012s
 17041 11426     cutoff   63      11950.0000 1030.00000  91.4%  2235 9331s
 17158 11457     cutoff   65      11950.0000 1030.00000  91.4%  2237 10070s
 17247 12318 11675.2200   66  512 11950.0000 1030.00000  91.4%  2239 10100s
 18359 12903 1065.00000   20  559 11950.0000 1030.00000  91.4%  2246 10389s
 19463 12774 1425.71429   26  533 11950.0000 1030.00000  91.4%  2250 10681s
 19728 13927 2640.35144   28  597 11950.0000 1030.00000  91.4%  2252 10720s
 21222 14530 4185.91945   39  630 11950.0000 1030.00000  91.4%  2237 10752s
 22674 15290 9613.30878   56  572 11950.0000 1030.00000  91.4%  2223 10788s
 24188 15902 1700.00000   23  651 11950.0000 1030.00000  91.4%  2206 10827s
 25626 16601 2045.80919   27  600 11950.0000 1030.00000  91.4%  2195 10868s
 27118 16587 5313.28152   44  510 11950.0000 1030.00000  91.4%  2183 11483s
 27649 17650 7007.84810   51  593 11950.0000 1030.00000  91.4%  2199 11522s
 29154 18449 1037.50000   23  648 11950.0000 1030.00000  91.4%  2202 11868s
 30473 19080 3553.13624   32  652 11950.0000 1030.00000  91.4%  2207 12157s
 31163 20734 8370.64130   42  629 11950.0000 1030.00000  91.4%  2214 12468s
 33274 21284 2040.00000   24  619 11950.0000 1030.00000  91.4%  2199 12865s
 34027 22284 2790.00000   25  636 11950.0000 1030.00000  91.4%  2192 13117s
 35177 24838 6079.21206   36  600 11950.0000 1030.00000  91.4%  2205 13197s
 38422 24915 1651.79487   26  674 11950.0000 1030.00000  91.4%  2194 13946s
 38505 27363 1781.07399   27  661 11950.0000 1030.00000  91.4%  2195 14018s
 41615 28144     cutoff   63      11950.0000 1030.00000  91.4%  2178 14292s
 42555 30368 11697.1680   65  556 11950.0000 1030.00000  91.4%  2184 14364s
 45711 34353 5040.00000   43  649 11950.0000 1030.94211  91.4%  2173 14702s
 51522 36804 7691.34902   60  548 11950.0000 1040.00000  91.3%  2205 14808s
 54866 36884 2082.38608   43  595 11950.0000 1040.28829  91.3%  2230 15780s
 54946 39822 2061.67631   43  590 11950.0000 1040.28829  91.3%  2232 15872s
 57972 41998 6332.12237   64  603 11950.0000 1040.28829  91.3%  2259 16126s
 60186 46075 7681.91863   75  528 11950.0000 1040.72565  91.3%  2267 16466s
 64837 46151 3639.77562   42  551 11950.0000 1040.72565  91.3%  2233 17320s
 64921 48644 3652.88515   43  544 11950.0000 1040.72565  91.3%  2233 17690s
 67859 53436 10738.4238   69  527 11950.0000 1041.53846  91.3%  2219 17827s
 73899 53511 3556.99746   35  660 11950.0000 1044.68531  91.3%  2200 20809s
H73907 48807                    10540.000000 1044.68531  90.1%  2200 20810s
H73917 42402                    9040.0000000 1044.68531  88.4%  2200 20810s
 73984 45377 3579.86621   36  668 9040.00000 1044.68531  88.4%  2201 20915s
H74871 45313                    9030.0000000 1044.68531  88.4%  2211 20915s
 77111 45304 1510.65614   31  591 9030.00000 1044.68531  88.4%  2231 20934s
 77113 45305 3041.41558   31  483 9030.00000 1044.68531  88.4%  2231 20964s
 77114 45306 5411.34953   49  649 9030.00000 1044.68531  88.4%  2231 20966s
 77117 45308 6958.51907   55  742 9030.00000 1044.68531  88.4%  2231 20971s
 77120 45310 3798.63107   39  773 9030.00000 1044.68531  88.4%  2231 20976s
 77123 45312 1459.17009   31  577 9030.00000 1044.68531  88.4%  2231 20984s
 77124 45313 7658.38219   44  669 9030.00000 1044.68531  88.4%  2231 20985s
 77128 45315 8097.58305   54  627 9030.00000 1044.68531  88.4%  2231 20994s
 77129 45316 1479.33333   35  627 9030.00000 1115.81046  87.6%  2231 20996s
 77130 45320 1115.81046   24  587 9030.00000 1115.81046  87.6%  2232 21005s
 77132 45323 1115.81046   25  655 9030.00000 1115.81046  87.6%  2232 21010s
 77136 45330 1115.81046   26  694 9030.00000 1115.81046  87.6%  2232 21018s
 77144 45343 1115.81046   27  705 9030.00000 1115.81046  87.6%  2232 21021s
 77160 45370 2018.79754   28  727 9030.00000 1115.81046  87.6%  2233 21068s
 77192 45421 3268.22222   29  678 9030.00000 1115.81046  87.6%  2234 21153s
 77256 45480 4768.62500   30  676 9030.00000 1115.81046  87.6%  2235 21374s
 77336 45527 5018.66667   31  690 9030.00000 1115.81046  87.6%  2237 21379s
 77416 45570 6016.57692   31  677 9030.00000 1115.81046  87.6%  2239 21496s
 77496 45613 5020.16667   32  692 9030.00000 1115.81046  87.6%  2241 21505s
 77576 45735 5018.66667   32  668 9030.00000 1115.81046  87.6%  2242 21515s
 77733 45822 5018.66667   33  674 9030.00000 1115.81046  87.6%  2245 21522s
 77884 45905 5018.69231   34  681 9030.00000 1115.81046  87.6%  2247 21528s
 78030 46019 5029.33333   35  680 9030.00000 1115.81046  87.6%  2248 21536s
 78204 46122 5019.33333   36  690 9030.00000 1115.81046  87.6%  2250 21542s
 78374 46249 5023.33333   36  676 9030.00000 1115.81046  87.6%  2252 21549s
 78558 46362 5023.33333   37  628 9030.00000 1115.81046  87.6%  2254 21558s
 78732 46494 5023.33333   38  627 9030.00000 1115.81046  87.6%  2256 21565s
 78926 46620 5040.00000   38  642 9030.00000 1115.81046  87.6%  2258 21571s
 79127 46760 5202.85714   39  658 9030.00000 1115.81046  87.6%  2260 21577s
 79364 46868 5127.50000   39  638 9030.00000 1115.81046  87.6%  2261 21586s
 79595 46976 5155.00000   40  597 9030.00000 1115.81046  87.6%  2262 21597s
 79855 47067 5297.10526   41  629 9030.00000 1115.81046  87.6%  2263 21610s
 80144 47148 5800.00000   42  623 9030.00000 1115.81046  87.6%  2264 21616s
 80434 47223 6026.66667   42  659 9030.00000 1115.81046  87.6%  2264 21625s
 80732 47329 6030.00000   43  628 9030.00000 1115.81046  87.6%  2265 21635s
 80997 47480 6030.00000   44  574 9030.00000 1115.81046  87.6%  2268 21644s
 81271 47663 6030.00000   45  596 9030.00000 1115.81046  87.6%  2270 21652s
 81593 47815 6530.00000   45  566 9030.00000 1115.81046  87.6%  2272 21669s
 81910 48046 6030.00000   46  603 9030.00000 1115.81046  87.6%  2274 21679s
 82333 48228 6030.08984   47  587 9030.00000 1115.81046  87.6%  2274 21691s
 82775 48411 6031.25731   48  623 9030.00000 1115.81046  87.6%  2274 21702s
 83232 48562 7030.00000   50  617 9030.00000 1115.81046  87.6%  2275 21720s
 83671 48747 6194.09984   51  682 9030.00000 1115.81046  87.6%  2277 21738s
 84092 48956 6530.24928   55  586 9030.00000 1115.81046  87.6%  2279 21749s
 84507 49244 6530.54280   56  551 9030.00000 1115.81046  87.6%  2281 21762s
 85022 49463 7146.93063   59  585 9030.00000 1115.81046  87.6%  2282 21774s
 85568 49691 7346.09617   64  551 9030.00000 1115.81046  87.6%  2282 21788s
 86129 49937 8115.07239   69  487 9030.00000 1115.81046  87.6%  2283 21801s
 86757 50226     cutoff   76      9030.00000 1115.81046  87.6%  2283 21816s
 87408 50546 1129.83925   32  690 9030.00000 1115.81046  87.6%  2283 21831s
 88111 50817 1691.33725   37  644 9030.00000 1115.81046  87.6%  2282 21852s
 88846 51086 1929.48735   43  610 9030.00000 1115.81046  87.6%  2281 21869s
 89565 51339 2874.13073   50  657 9030.00000 1115.81046  87.6%  2281 21888s
 90211 51714 7550.26504   59  561 9030.00000 1115.81046  87.6%  2283 21904s
 90891 52132     cutoff   73      9030.00000 1115.81046  87.6%  2285 21926s
 91717 53202 1727.79005   38  634 9030.00000 1115.81046  87.6%  2285 21968s
 93493 53247 6221.38889   51  525 9030.00000 1115.81046  87.6%  2285 21985s
 94326 53646 1115.81046   34  660 9030.00000 1115.81046  87.6%  2285 22002s
 95212 54015 2652.27301   45  623 9030.00000 1115.81046  87.6%  2284 22025s
 96127 54462 4049.90869   60  619 9030.00000 1115.81046  87.6%  2282 22053s
 97109 54810 8053.98990   70  567 9030.00000 1115.81046  87.6%  2280 22078s
 98039 55217 infeasible   72      9030.00000 1115.81046  87.6%  2279 22099s
 98998 55548 4027.52600   45  634 9030.00000 1115.81046  87.6%  2277 22120s
 99902 56080 6436.40617   56  571 9030.00000 1115.81046  87.6%  2278 22146s
 101006 56505     cutoff   72      9030.00000 1115.81046  87.6%  2275 22170s
 102132 56933 1849.63976   43  637 9030.00000 1115.81046  87.6%  2274 22254s
 103156 57442 4205.73489   54  581 9030.00000 1115.81046  87.6%  2274 22279s
 104276 57761 7175.04763   63  583 9030.00000 1115.81046  87.6%  2275 22640s
H104370 54870                    8530.0000000 1115.81046  86.9%  2275 22640s
H104575 51553                    8040.0000000 1115.81046  86.1%  2276 22640s
 105147 52411     cutoff   73      8040.00000 1115.81046  86.1%  2278 22672s
 106548 52849 1934.74716   50  667 8040.00000 1115.81046  86.1%  2279 22809s
 107580 54360 4026.44282   63  611 8040.00000 1115.81046  86.1%  2279 22850s
 109948 55118 1235.65195   44  652 8040.00000 1115.81046  86.1%  2273 22888s
 112022 55749 5062.78026   63  619 8040.00000 1115.81046  86.1%  2270 23058s
 114089 56857 4017.15447   39  669 8040.00000 1115.81046  86.1%  2268 23099s
 116361 57695 5116.32917   51  631 8040.00000 1115.81046  86.1%  2264 23139s
 118211 58773 6760.19608   66  483 8040.00000 1115.81046  86.1%  2268 23180s
 120048 59973 1525.17956   38  643 8040.00000 1115.81046  86.1%  2272 23223s
 122075 61366 7033.17759   60  587 8040.00000 1115.81046  86.1%  2275 23281s
 124563 62563 5203.78051   59  568 8040.00000 1115.81046  86.1%  2272 23327s
 127202 63365 1386.42364   39  647 8040.00000 1115.81046  86.1%  2266 23373s
 129493 64456 2140.73140   45  647 8040.00000 1115.81046  86.1%  2265 23418s
 131711 65059 3313.06791   57  565 8040.00000 1115.81046  86.1%  2265 23664s
 133470 64532 4465.40325   67  543 8040.00000 1115.81046  86.1%  2264 24023s
 133569 66035 4508.25000   68  514 8040.00000 1115.81046  86.1%  2263 24201s
 135653 66289 5591.94365   81  423 8040.00000 1115.81046  86.1%  2260 24416s
 136957 70378 7095.75516   86  429 8040.00000 1115.81046  86.1%  2259 24526s
 143300 75220 1606.17463   43  679 8040.00000 1115.81046  86.1%  2249 24679s
 151303 75355 1490.20751   42  669 8040.00000 1115.81046  86.1%  2250 24853s
 154970 74205 3357.58738   53  605 8040.00000 1115.81046  86.1%  2243 24975s
 155058 76636 3450.37999   54  615 8040.00000 1115.81046  86.1%  2243 25037s
 158554 75536 infeasible   72      8040.00000 1115.81046  86.1%  2239 26504s
H158562 73406                    8030.0000000 1115.81046  86.1%  2239 26504s
 158645 75941 1125.28157   40  658 8030.00000 1115.81046  86.1%  2239 26570s
 162221 74823 2258.20776   46  661 8030.00000 1115.81046  86.1%  2236 26693s
 162307 77404 2391.17379   47  685 8030.00000 1115.81046  86.1%  2235 26760s
 165916 79138 5349.09214   57  593 8030.00000 1115.81046  86.1%  2233 26836s
 170242 79928 6930.00646   72  535 8030.00000 1115.81046  86.1%  2227 26910s
 174679 81238 4089.79592   54  572 8030.00000 1115.81046  86.1%  2220 26982s
 178405 82527 2654.67450   55  625 8030.00000 1115.81046  86.1%  2220 27056s
 182187 84163 7092.22746   51  606 8030.00000 1119.69203  86.1%  2223 27137s
 186321 82856 7368.00976   66  566 8030.00000 1125.21487  86.0%  2224 27261s
 186408 86000     cutoff   67      8030.00000 1125.29894  86.0%  2224 27349s
 191116 93965 4042.52229   57  574 8030.00000 1130.28169  85.9%  2221 27613s
 204570 93185 7844.29564   69  553 8030.00000 1135.78658  85.9%  2222 28196s
 204655 96831     cutoff   70      8030.00000 1138.05354  85.8%  2222 28301s
 209857 96904 3107.50607   51  620 8030.00000 1139.33280  85.8%  2223 28423s
 209944 101152 1599.88139   50  666 8030.00000 1140.12956  85.8%  2223 28536s
 215938 105766 5009.33207   60  598 8030.00000 1148.63750  85.7%  2223 28653s
 221558 111371 3420.55274   64  589 8030.00000 1156.62012  85.6%  2228 28777s
 228909 116003 1423.48824   43  638 8030.00000 1157.74883  85.6%  2220 28891s
 235542 120496     cutoff   65      8030.00000 1159.84580  85.6%  2215 29003s
 241858 132946 4554.15660   46  604 8030.00000 1164.73766  85.5%  2214 29330s
 259892 138178 2731.35111   55  664 8030.00000 1172.13054  85.4%  2210 29464s
 266600 138178 2930.20413   55  596 8030.00000 1180.67525  85.3%  2208 29465s
 267312 143270 6667.23972   51  585 8030.00000 1181.05061  85.3%  2208 29786s
 273054 147263 4528.48981   78  590 8030.00000 1184.13336  85.3%  2214 30009s
 278064 155107 5712.84760   58  563 8030.00000 1185.61805  85.2%  2209 30894s
 289410 171859 1436.03621   48  640 8030.00000 1195.65459  85.1%  2208 31282s
 309144 171934 4801.74997   80  525 8030.00000 1195.65459  85.1%  2211 32744s
 309227 180328 4770.71031   80  524 8030.00000 1199.66459  85.1%  2211 32918s
 320842 180397 2336.03920   44  655 8030.00000 1204.26685  85.0%  2198 33042s
 320932 186459 2540.33521   45  626 8030.00000 1207.69594  85.0%  2198 33192s
 328017 186537 2805.34230   57  651 8030.00000 1216.44240  84.9%  2204 33311s
 328099 194701 2777.89270   57  657 8030.00000 1216.44240  84.9%  2204 33479s
 338457 212009     cutoff   85      8030.00000 1223.80805  84.8%  2197 33880s
 361107 219661 6752.33776   76  514 8030.00000 1238.03516  84.6%  2194 34032s
 369865 219737 3008.14603   43  645 8030.00000 1238.03516  84.6%  2192 34152s
 369949 226020 3053.33124   44  633 8030.00000 1238.03516  84.6%  2192 34298s
 378763 231884 5061.41891   71  584 8030.00000 1246.26682  84.5%  2188 34438s
 385854 248440 1812.05317   48  660 8030.00000 1251.26677  84.4%  2190 34808s
 407923 250665 7116.99931   81  549 8030.00000 1262.29901  84.3%  2182 35103s
 411110 259113 1528.63361   52  594 8030.00000 1268.22147  84.2%  2182 35318s
 422687 259177 1537.32460   48  641 8030.00000 1271.91575  84.2%  2184 35918s
 422783 266383 2241.11750   49  633 8030.00000 1277.88765  84.1%  2184 36108s
 433373 273464 3910.43699   65  603 8030.00000 1285.27649  84.0%  2183 36562s
 443894 287814 6987.21197   68  517 8030.00000 1301.67775  83.8%  2182 36937s
 465193 297511 4246.29712   80  596 8030.00000 1319.86927  83.6%  2182 37138s
 477572 297579 4239.92156   62  596 8030.00000 1322.18282  83.5%  2178 37646s
 477661 299058 4242.46306   63  570 8030.00000 1323.56444  83.5%  2178 37803s
 479763 311664 1523.04242   46  643 8030.00000 1325.47575  83.5%  2178 38151s
 497938 317701 7227.59829   73  591 8030.00000 1341.16437  83.3%  2181 38308s
 506342 317776 5407.05705   60  543 8030.00000 1347.03140  83.2%  2182 38431s
 506427 323838 4966.32454   59  581 8030.00000 1350.30109  83.2%  2182 38593s
 515754 329366 6575.56061   62  623 8030.00000 1355.42888  83.1%  2180 38744s
 523871 333757 2674.54303   39  653 8030.00000 1367.17724  83.0%  2180 39115s
 530005 346683 3479.71263   50  612 8030.00000 1370.29912  82.9%  2183 39450s
 548693 353112 4398.62385   53  600 8030.00000 1388.85582  82.7%  2183 39605s
 557071 359199 2297.28705   49  680 8030.00000 1388.97436  82.7%  2183 39756s
 565256 366658 2711.09526   46  608 8030.00000 1390.90909  82.7%  2183 39906s
 573758 372819 6413.48944   73  586 8030.00000 1399.30736  82.6%  2181 40051s
 582463 387063 2219.62530   45  682 8030.00000 1404.11176  82.5%  2179 40381s
 600553 391715 3797.54717   54  618 8030.00000 1415.81629  82.4%  2179 40690s
 606657 401719 7000.34185   74  543 8030.00000 1416.97566  82.4%  2179 40930s
 621558 408016 2050.15551   44  633 8030.00000 1433.19891  82.2%  2172 41100s
 630753 419401 3625.80524   58  571 8030.00000 1441.92242  82.0%  2171 41414s
 647963 419401 6587.36322   66  542 8030.00000 1450.44771  81.9%  2168 41415s
 648619 424922 6627.60601   60  464 8030.00000 1462.66134  81.8%  2168 41561s
 657176 431139 4541.26557   69  573 8030.00000 1463.46987  81.8%  2166 41702s
 665336 436567 3830.36540   44  629 8030.00000 1472.00014  81.7%  2165 41968s
 673412 442558 3586.48364   45  623 8030.00000 1480.27510  81.6%  2164 42109s
 680368 456756 3733.47920   48  586 8030.00000 1487.53187  81.5%  2167 42412s
 699891 458132 5033.49932   45  556 8030.00000 1493.76166  81.4%  2160 42691s
 701871 458747 7286.68155   60  597 8030.00000 1493.76166  81.4%  2160 42965s
 702821 462347 7319.02319   61  593 8030.00000 1494.77311  81.4%  2160 43272s
 708344 477462 7052.23343   60  515 8030.00000 1499.56113  81.3%  2159 43611s
 727400 480929 4103.85781   54  546 8030.00000 1507.84458  81.2%  2159 43941s
 732525 507908 infeasible   65      8030.00000 1509.10234  81.2%  2160 44604s
 743128 507908 5643.85869   78  539 8030.00000 1516.24301  81.1%  2160 44605s
 770264 515324 2267.95980   45  657 8030.00000 1521.42167  81.1%  2159 44788s
 780016 525965 7698.55330   74  521 8030.00000 1521.59420  81.1%  2159 45072s
 795684 531757 1679.91045   49  677 8030.00000 1523.33333  81.0%  2159 45226s
 804330 536874     cutoff   64      8030.00000 1524.02041  81.0%  2158 45370s
 811507 542465 1529.30709   49  597 8030.00000 1524.67213  81.0%  2159 45526s
 819123 550796 2698.02519   60  615 8030.00000 1524.87322  81.0%  2161 45689s
 829389 562143 7271.34677   67  602 8030.00000 1525.03442  81.0%  2158 46537s
 845826 567983 6946.24496   64  537 8030.00000 1525.29885  81.0%  2156 46695s
 853789 574600     cutoff   71      8030.00000 1525.75281  81.0%  2157 46855s
 863417 580234 5501.26484   55  557 8030.00000 1526.00583  81.0%  2155 47000s
 871939 585696 7505.32933   56  584 8030.00000 1526.08851  81.0%  2154 47140s
 879986 596341 3513.97933   48  632 8030.00000 1526.18879  81.0%  2154 47419s
 895581 601567 2857.11111   52  606 8030.00000 1526.58417  81.0%  2153 47562s
 902889 607301 2757.58471   48  630 8030.00000 1526.79689  81.0%  2155 47712s
 911726 613103 6381.56155   73  542 8030.00000 1527.00285  81.0%  2153 47862s
 919214 618906 5899.90987   67  506 8030.00000 1527.09042  81.0%  2154 48016s
 927377 629418 8017.15291   66  583 8030.00000 1527.19145  81.0%  2154 48289s
 942357 635896 4019.97831   56  543 8030.00000 1527.26115  81.0%  2153 48437s
 950540 638108 5224.99328   70  604 8030.00000 1527.26115  81.0%  2153 48719s
 953726 647154 5156.57802   61  582 8030.00000 1527.52980  81.0%  2153 48944s
 954255 647154 3778.74553   65  479 8030.00000 1527.63290  81.0%  2153 48945s
 966906 654486 2375.16708   49  615 8030.00000 1527.97104  81.0%  2152 49122s
 976991 662043 2156.38731   47  626 8030.00000 1527.99231  81.0%  2150 49580s
 987015 679487 4434.27573   66  600 8030.00000 1528.32906  81.0%  2151 50032s
 1015329 685921 7821.14461   71  574 8030.00000 1528.73165  81.0%  2145 50921s
 1024658 696585 5879.38519   57  544 8030.00000 1528.86093  81.0%  2144 51188s
 1040361 702337 2542.21106   50  622 8030.00000 1529.13438  81.0%  2142 51330s
 1049034 707558 1701.93228   44  664 8030.00000 1529.46161  81.0%  2140 51466s
 1056891 712665 6948.38097   73  536 8030.00000 1529.69414  81.0%  2140 51603s
 1064973 716961 3073.02180   56  603 8030.00000 1529.84348  80.9%  2139 51736s
 1072808 726051 infeasible   62      8030.00000 1529.90877  80.9%  2138 51999s
 1086128 730874 2164.74861   58  620 8030.00000 1530.02540  80.9%  2140 52298s
 1094202 739121 7030.00000   56  527 8030.00000 1530.16716  80.9%  2139 52509s
 1097922 739121 1822.90874   57  639 8030.00000 1530.27003  80.9%  2139 52510s
 1106775 744877 3043.42590   64  630 8030.00000 1530.43232  80.9%  2138 52849s
 1112089 744877 4732.42619   48  580 8030.00000 1530.43232  80.9%  2138 52850s
 1115123 754332 7187.05980   80  559 8030.00000 1530.44388  80.9%  2138 53098s
 1130752 767129 4222.70269   77  602 8030.00000 1530.47031  80.9%  2135 53366s
 1146424 772340 3630.20833   69  533 8030.00000 1530.47031  80.9%  2135 53504s
 1154230 778144 5532.17949   82  538 8030.00000 1530.64500  80.9%  2134 53642s
 1162003 783527 infeasible   65      8030.00000 1530.77819  80.9%  2134 53779s
 1169941 788937 4617.26499   66  525 8030.00000 1531.09521  80.9%  2134 53920s
 1178452 798624 2528.38158   55  569 8030.00000 1531.38194  80.9%  2132 54348s
 1191887 810541 4168.95984   60  583 8030.00000 1531.56096  80.9%  2132 54627s
 1208160 818819 3613.74972   65  557 8030.00000 1531.83891  80.9%  2132 54811s
 1219859 822356 5264.58358   62  595 8030.00000 1531.94767  80.9%  2130 55845s
 1224999 832575 7578.14541   84  463 8030.00000 1532.02737  80.9%  2129 56105s
 1239337 832649 3594.44152   53  549 8030.00000 1532.22826  80.9%  2129 56632s
 1239421 839010 2544.39921   49  497 8030.00000 1532.22826  80.9%  2129 56786s
 1249821 844492 5972.63113   58  667 8030.00000 1532.25715  80.9%  2127 56921s
 1257296 851249 2536.55244   63  565 8030.00000 1532.43190  80.9%  2126 57067s
 1266124 857003 3521.15914   57  628 8030.00000 1532.43414  80.9%  2126 57205s
 1273786 857080 2793.54988   52  595 8030.00000 1532.62716  80.9%  2125 57650s
 1273869 912696 2710.14056   52  579 8030.00000 1532.62989  80.9%  2125 58877s
 1353949 922343 3761.68712   69  592 8030.00000 1533.47750  80.9%  2117 59131s
 1368819 922459 1534.77360   44  589 8030.00000 1534.05405  80.9%  2115 59275s
 1368947 928606 1564.40090   45  631 8030.00000 1534.09673  80.9%  2115 59427s
 1377614 934315 5559.04765   57  538 8030.00000 1534.10348  80.9%  2115 59576s
 1386423 940292 2252.80199   47  678 8030.00000 1534.28499  80.9%  2114 59718s
 1394904 945983 3391.43632   60  609 8030.00000 1534.56411  80.9%  2113 59855s
 1403472 956507 3545.97827   49  564 8030.00000 1534.79206  80.9%  2112 60100s
 1417739 962366 6023.81575   49  542 8030.00000 1535.05053  80.9%  2112 60246s
 1425939 970029 3069.39614   59  593 8030.00000 1535.20427  80.9%  2112 60399s
 1428623 970029 3952.90134   59  593 8030.00000 1535.20427  80.9%  2112 60400s
 1435402 975523 4669.05288   63  565 8030.00000 1535.21378  80.9%  2111 60539s
 1443273 981204 4245.59668   59  556 8030.00000 1535.39556  80.9%  2110 60677s
 1452536 984330 7698.44653   77  549 8030.00000 1535.39556  80.9%  2109 60880s
 1457733 989978 2553.15278   53  630 8030.00000 1535.40217  80.9%  2108 61261s
 1466784 990047 6522.37416   79  551 8030.00000 1535.55847  80.9%  2108 62665s
 1466874 1009643 6633.98182   80  520 8030.00000 1535.68043  80.9%  2108 63106s
 1494354 1017671 4706.50104   60  573 8030.00000 1536.11111  80.9%  2105 63294s
 1502921 1017671 5953.84273   59  581 8030.00000 1536.36794  80.9%  2105 63295s
 1504546 1022617 4898.29542   66  590 8030.00000 1536.45899  80.9%  2105 63506s
 1510960 1037518 3843.36810   66  644 8030.00000 1536.46382  80.9%  2104 63820s
 1530133 1044429 3368.35296   69  600 8030.00000 1536.63866  80.9%  2103 63996s
 1540497 1050377 6195.53328   52  528 8030.00000 1536.81408  80.9%  2102 64146s
 1549604 1055611 6009.45690   66  605 8030.00000 1537.01867  80.9%  2101 64283s
 1557611 1065459 3539.88372   58  565 8030.00000 1537.30718  80.9%  2101 64557s
 1572408 1071100 4310.79774   58  621 8030.00000 1537.68212  80.9%  2100 64696s
 1580760 1076518 2019.71723   52  656 8030.00000 1537.80183  80.8%  2100 64834s
 1588923 1081700 infeasible   82      8030.00000 1538.10733  80.8%  2099 64971s
 1597136 1086697 1839.76285   52  624 8030.00000 1538.33969  80.8%  2099 65107s
 1604697 1096003 1616.68568   54  579 8030.00000 1538.60280  80.8%  2099 65358s
 1620398 1102578 3475.72725   59  587 8030.00000 1538.91062  80.8%  2097 65493s
 1628528 1107549 4958.32493   58  582 8030.00000 1538.96255  80.8%  2096 65624s
 1637235 1107622 3568.25219   59  604 8030.00000 1538.99733  80.8%  2095 65743s
 1637320 1112657 4146.53553   60  632 8030.00000 1539.19370  80.8%  2095 65874s
 1645233 1117455 1701.05672   44  642 8030.00000 1539.49126  80.8%  2094 66006s
 1652293 1123773 5633.43434   56  562 8030.00000 1539.64474  80.8%  2095 66449s
 1663488 1123773 4388.57143   60  533 8030.00000 1539.90307  80.8%  2094 66450s
 1664328 1137519 3750.99345   53  653 8030.00000 1540.00000  80.8%  2093 66806s
 1685960 1144341 5451.88046   58  632 8030.00000 1540.38487  80.8%  2092 66989s
 1697133 1150615 2100.65953   44  652 8030.00000 1540.71026  80.8%  2092 67144s
 1706765 1159959 4280.95512   69  541 8030.00000 1541.24040  80.8%  2091 67387s
 1720949 1165495 3225.14289   55  600 8030.00000 1541.56127  80.8%  2090 67527s
 1729471 1170957 4941.85813   71  637 8030.00000 1542.22903  80.8%  2090 67661s
 1738366 1176188 3529.20287   48  590 8030.00000 1542.85749  80.8%  2088 67790s
 1745514 1183212 4984.10627   66  582 8030.00000 1542.91667  80.8%  2089 67927s
 1754172 1185996 2531.21765   51  576 8030.00000 1542.91667  80.8%  2088 68122s
 1758615 1205675 3176.03235   58  568 8030.00000 1542.91667  80.8%  2088 68547s
 1784381 1211988 4927.85389   62  571 8030.00000 1543.90228  80.8%  2088 68708s
 1793560 1219737 3285.73847   62  573 8030.00000 1544.65614  80.8%  2088 68869s
 1802920 1231033 2255.50388   57  572 8030.00000 1544.97595  80.8%  2087 69117s
 1819411 1235451 7365.92583   72  471 8030.00000 1545.63222  80.8%  2085 69235s
 1826143 1242216 3720.23857   60  600 8030.00000 1546.44818  80.7%  2085 69369s
 1834038 1247711 7999.40744   96  442 8030.00000 1546.48634  80.7%  2085 69499s
 1838603 1247711 4253.98504   58  598 8030.00000 1546.66667  80.7%  2084 69500s
 1842548 1252620     cutoff   68      8030.00000 1546.67487  80.7%  2084 69626s
 1850324 1262604     cutoff   66      8030.00000 1547.63899  80.7%  2083 69859s
 1860647 1262604 5310.33219   61  598 8030.00000 1548.15352  80.7%  2083 69860s
 1863975 1267873 3111.24352   50  537 8030.00000 1548.52371  80.7%  2083 70002s
 1873875 1272869     cutoff   70      8030.00000 1549.13121  80.7%  2082 70131s
 1881547 1277958 4474.09387   70  557 8030.00000 1549.91536  80.7%  2081 70261s
 1889377 1284869 2399.71412   55  573 8030.00000 1550.69261  80.7%  2081 70398s
 1897499 1284922 6256.65327   87  558 8030.00000 1550.69261  80.7%  2081 71794s
 1897603 1341048 7076.37283   87  568 8030.00000 1550.95688  80.7%  2081 73438s
 1957663 1341048 2593.71333   48  574 8030.00000 1551.64918  80.7%  2077 73443s
 1977683 1348039 6332.50397   82  526 8030.00000 1555.98523  80.6%  2076 73863s
 1989288 1356307 5270.56948   75  518 8030.00000 1557.26246  80.6%  2074 74167s
 2001767 1368688 7630.72025   80  547 8030.00000 1558.28633  80.6%  2073 74449s
 2006276 1368688 4823.77604   63  572 8030.00000 1558.82770  80.6%  2073 74450s
 2018781 1377072 4181.86845   72  614 8030.00000 1559.57868  80.6%  2072 74631s
 2030331 1386475 3483.63720   58  572 8030.00000 1560.33017  80.6%  2072 74882s
 2045079 1391285 4727.36882   62  568 8030.00000 1562.42616  80.5%  2071 75011s
 2052598 1396823 7647.13349   72  600 8030.00000 1563.31960  80.5%  2070 75147s
 2061125 1402092 6050.98309   75  577 8030.00000 1564.09217  80.5%  2070 75277s
 2069513 1402150 3730.25083   63  564 8030.00000 1565.07584  80.5%  2069 75400s
 2069614 1407410 5848.66717   64  540 8030.00000 1565.17052  80.5%  2069 75533s
 2078011 1411577 4319.70745   61  549 8030.00000 1566.31766  80.5%  2069 75912s
 2083449 1440348 5047.31255   72  556 8030.00000 1566.93584  80.5%  2069 77385s
 2125442 1450855     cutoff   72      8030.00000 1569.91416  80.4%  2067 77630s
 2140165 1450927 2359.51101   52  572 8030.00000 1570.94674  80.4%  2067 77752s
 2140253 1456245 2783.86920   53  622 8030.00000 1571.08467  80.4%  2067 77887s
 2148280 1461464 2365.97096   52  577 8030.00000 1572.62569  80.4%  2067 78021s
 2156731 1467078 6599.47894   61  595 8030.00000 1573.89280  80.4%  2066 78156s
 2165383 1472328 2198.26181   48  631 8030.00000 1574.64423  80.4%  2065 78288s
 2173358 1476546 2632.55910   47  654 8030.00000 1576.26368  80.4%  2065 78662s
 2179856 1503359 4895.74591   73  516 8030.00000 1576.90331  80.4%  2065 79511s
 2216436 1513002 2515.04089   56  582 8030.00000 1579.17856  80.3%  2064 79906s
 2231126 1513072 4376.48237   60  566 8030.00000 1580.89577  80.3%  2064 80501s
 2231213 1567354 4949.37765   61  590 8030.00000 1581.36603  80.3%  2064 82047s
 2267249 1567354 4353.31171   57  595 8030.00000 1582.11644  80.3%  2062 82050s
 2311293 1577117 6777.20179   72  578 8030.00000 1587.66250  80.2%  2061 82288s
 2326444 1577185 3155.09853   56  611 8030.00000 1590.65444  80.2%  2060 82432s
 2326536 1582302 3672.81564   57  597 8030.00000 1591.01560  80.2%  2060 82562s
 2334663 1586906     cutoff   74      8030.00000 1592.63071  80.2%  2059 82692s
 2342302 1592013 4362.88573   58  622 8030.00000 1593.80193  80.2%  2059 82827s
 2350572 1597266 6105.16009   67  557 8030.00000 1595.01510  80.1%  2059 82959s
 2358632 1608289 infeasible   74      8030.00000 1596.06175  80.1%  2059 83191s
 2372671 1614428 5813.71261   80  556 8030.00000 1597.24457  80.1%  2059 83332s
 2381794 1616481 6222.18440   55  576 8030.00000 1598.00044  80.1%  2058 84268s
 2384863 1616649 3782.09201   53  544 8030.00000 1598.09259  80.1%  2058 84816s
 2385119 1622050 4383.61873   56  562 8030.00000 1598.25145  80.1%  2058 85081s
 2392724 1635282 6473.39182   70  537 8030.00000 1599.92051  80.1%  2058 85379s
 2394300 1635282 5397.69544   69  549 8030.00000 1599.97476  80.1%  2058 85380s
 2410450 1645168 4107.32597   71  539 8030.00000 1601.56863  80.1%  2058 85615s
 2425640 1650794 4735.61937   70  582 8030.00000 1602.05439  80.0%  2057 85747s
 2432732 1657722 6214.44233   80  539 8030.00000 1602.70804  80.0%  2057 85887s
 2441562 1657786 2233.44256   48  650 8030.00000 1603.37985  80.0%  2057 86412s
 2441656 1663049 2247.58032   49  640 8030.00000 1603.44676  80.0%  2057 86694s
 2449217 1663127 2944.17998   59  556 8030.00000 1603.97985  80.0%  2057 86816s
 2449299 1670873 2858.90574   59  593 8030.00000 1604.03707  80.0%  2057 86970s
 2459283 1680365 2026.70594   45  661 8030.00000 1604.83656  80.0%  2057 87392s
 2474001 1689501 5628.47874   56  561 8030.00000 1606.23068  80.0%  2056 87754s
 2487900 1689575 7572.70577   75  575 8030.00000 1608.26118  80.0%  2055 87987s

Cutting planes:
  Gomory: 2
  Lift-and-project: 14
  Cover: 35
  Clique: 79
  MIR: 42
  Flow cover: 66
  GUB cover: 1
  Zero half: 94
  RLT: 875
  BQP: 104

Explored 2487986 nodes (5113128203 simplex iterations) in 87987.37 seconds (60434.10 work units)
Thread count was 80 (of 140 available processors)

Solution count 10: 8030 8040 8530 ... 12930

Solve interrupted
Best objective 8.030000000000e+03, best bound 1.610000000000e+03, gap 79.9502%
