
Gurobi 11.0.3 (linux64, Matlab) logging started Wed 11 Sep 2024 12:01:19 PM EDT

Set parameter Username
Set parameter Method to value 3
Set parameter MIPFocus to value 1
Set parameter LogFile to value "runs/PIONEER25_10_Teams_5/logfile5.txt"
Set parameter Threads to value 80
Academic license - for non-commercial use only - expires 2025-03-10
Gurobi Optimizer version 11.0.3 build v11.0.3rc0 (linux64 - "Red Hat Enterprise Linux 9.4 (Plow)")

CPU model: Intel(R) Xeon(R) CPU E5-4650 v2 @ 2.40GHz, instruction set [SSE2|AVX]
Thread count: 70 physical cores, 140 logical processors, using up to 80 threads

Optimize a model with 10588 rows, 9080 columns and 58240 nonzeros
Model fingerprint: 0xb1647b84
Variable types: 0 continuous, 9080 integer (9080 binary)
Coefficient statistics:
  Matrix range     [1e+00, 1e+02]
  Objective range  [1e+01, 1e+05]
  Bounds range     [1e+00, 1e+00]
  RHS range        [1e+00, 5e+01]
Presolve removed 1680 rows and 553 columns
Presolve time: 0.29s
Presolved: 8908 rows, 8527 columns, 41365 nonzeros
Variable types: 0 continuous, 8527 integer (8399 binary)
Concurrent LP optimizer: primal simplex, dual simplex, and barrier
Showing barrier log only...

Root barrier log...

Ordering time: 0.13s

Barrier statistics:
 AA' NZ     : 9.565e+04
 Factor NZ  : 7.764e+05 (roughly 10 MB of memory)
 Factor Ops : 2.045e+08 (less than 1 second per iteration)
 Threads    : 77

                  Objective                Residual
Iter       Primal          Dual         Primal    Dual     Compl     Time
   0   1.55501305e+08 -1.35140115e+09  1.11e+03 1.66e+04  1.77e+06     1s

Barrier performed 0 iterations in 0.66 seconds (0.26 work units)
Barrier solve interrupted - model solved by another algorithm


Solved with dual simplex

Use crossover to convert LP symmetric solution to basic solution...

Root relaxation: objective 8.000000e+01, 2098 iterations, 0.48 seconds (0.25 work units)

    Nodes    |    Current Node    |     Objective Bounds      |     Work
 Expl Unexpl |  Obj  Depth IntInf | Incumbent    BestBd   Gap | It/Node Time

     0     0   80.00000    0  415          -   80.00000      -     -    3s
H    0     0                    1.517292e+07   80.00000   100%     -    3s
     0     0   80.00000    0  473 1.5173e+07   80.00000   100%     -    4s
H    0     0                    1929180.0000   80.00000   100%     -    4s
H    0     0                    1919180.0000   80.00000   100%     -    4s
H    0     0                    1909180.0000   80.00000   100%     -    4s
     0     0   80.00000    0  451 1909180.00   80.00000   100%     -    4s
H    0     0                    797340.00000   80.00000   100%     -    5s
H    0     0                    726240.00000   80.00000   100%     -    5s
H    0     0                    546140.00000   80.00000   100%     -    9s
     0     0   80.00000    0  465 546140.000   80.00000   100%     -    9s
     0     0   80.00000    0  482 546140.000   80.00000   100%     -   10s
H    0     0                    516140.00000   80.00000   100%     -   14s
     0     0   80.00000    0  495 516140.000   80.00000   100%     -   14s
     0     0   80.00000    0  486 516140.000   80.00000   100%     -   14s
     0     0   80.00000    0  462 516140.000   80.00000   100%     -   18s
H    0     0                    506240.00000   80.00000   100%     -   18s
     0     0   80.00000    0  494 506240.000   80.00000   100%     -   18s
     0     0   80.00000    0  432 506240.000   80.00000   100%     -   23s
     0     2   80.00000    0  404 506240.000   80.00000   100%     -   28s
H    3     8                    426140.00000   80.00000   100%  1848   56s
H    4     8                    366140.00000   80.00000   100%  1618   56s
H    6     8                    346040.00000   80.00000   100%  1499   56s
    31    64   80.00000    5  434 346040.000   80.00000   100%  2351   83s
H   41    64                    338140.00000   80.00000   100%  2380   83s
H   47    64                    337040.00000   80.00000   100%  2524   83s
    63   128   80.04323    6  518 337040.000   80.00000   100%  2754   86s
H  127   208                    336040.00000   80.00000   100%  2014  191s
H  129   208                    335940.00000   80.00000   100%  2010  191s
H  129   208                    318240.00000   80.00000   100%  2010  191s
H  287   368                    316240.00000   80.00000   100%  1726  319s
H  287   368                    166590.00000   80.00000   100%  1726  319s
H  288   368                    46620.000000   80.00000   100%  1720  319s
H  308   368                    15690.000000   80.00000  99.5%  1674  319s
H  314   368                    11990.000000   80.00000  99.3%  1653  319s
H  328   368                    5620.0000000   80.00000  98.6%  1624  319s
H  334   368                    3930.0000000   80.00000  98.0%  1605  319s
   367   446   86.43028   10  495 3930.00000   80.00000  98.0%  1526  323s
   448   446   91.31091   11  432 3930.00000   80.00000  98.0%  1373  326s
   451   448   80.00000    9  546 3930.00000   80.00000  98.0%  1363  330s
   455   451  180.00000    8  435 3930.00000   80.00000  98.0%  1351  337s
   457   452   80.50562   11  422 3930.00000   80.00000  98.0%  1346  340s
   460   454   80.00000    9  439 3930.00000   80.00000  98.0%  1337  345s
   467   468   82.50000   15  489 3930.00000   80.00000  98.0%  1471  353s
   475   481  180.00000   16  481 3930.00000   80.00000  98.0%  1482  355s
   491   508  181.89791   17  539 3930.00000   80.00000  98.0%  1541  376s
H  493   484                    3520.0000000   80.00000  97.7%  1544  376s
   587   597  582.12437   19  528 3520.00000   80.00000  97.7%  1576  380s
H  591   573                    3420.0000000   80.00000  97.7%  1572  380s
   747   681  582.28163   20  542 3420.00000   80.00000  97.7%  1420  419s
H  755   658                    2230.0000000   80.00000  96.4%  1428  419s
H  759   637                    2000.0000000   80.00000  96.0%  1430  419s
H  816   599                    1910.0000000   80.00000  95.8%  1382  419s
H  824   579                    1620.0000000   80.00000  95.1%  1376  419s
   827   658  582.96240   21  542 1620.00000   80.00000  95.1%  1377  562s
  1059   811  681.34554   22  492 1620.00000   80.00000  95.1%  1258  600s
  1140   863  583.12002   23  516 1620.00000   80.00000  95.1%  1227  637s
H 1146   844                    1320.0000000   80.00000  93.9%  1231  637s
  1380  1146  590.00000   24  531 1320.00000   80.00000  93.9%  1195  642s
  1601  1337  590.00000   26  511 1320.00000   80.00000  93.9%  1164  645s
  1808  1413  590.00000   27  503 1320.00000   80.00000  93.9%  1147  683s
H 1814  1413                    1300.0000000   80.00000  93.8%  1146  683s
  1892  1493  591.58065   27  500 1300.00000   80.00000  93.8%  1140  907s
H 1893  1493                    1200.0000000   80.00000  93.3%  1140  907s
H 1904  1493                    1100.0000000   80.00000  92.7%  1144  907s
H 1939  1493                    1080.0000000   80.00000  92.6%  1135  907s
  1972  1788  593.60000   28  492 1080.00000   80.00000  92.6%  1128  911s
H 2083  1788                     980.0000000   80.00000  91.8%  1121  911s
  2623  2213  650.00000   30  460  980.00000   80.00000  91.8%  1056  951s
H 2630  2213                     889.9999185   80.00000  91.0%  1057  951s
H 2650  2213                     880.0000000   80.00000  90.9%  1054  951s
  3118  2870  702.76064   31  490  880.00000   80.00000  90.9%  1010  956s
  4020  3182  720.53847   33  495  880.00000   80.00000  90.9%   930  996s
  4592  3889 infeasible   36       880.00000   80.00000  90.9%   910 1001s
  5039  4279 infeasible   37       880.00000   80.00000  90.9%   900 1005s
  6020  5053   80.00000   25  468  880.00000   80.00000  90.9%   881 1011s
  6555  5426   90.00000   29  418  880.00000   80.00000  90.9%   868 1015s
  7622  6215  442.26583   40  413  880.00000   80.00000  90.9%   856 1022s
  8136  6761  488.17979   50  479  880.00000   80.00000  90.9%   855 1027s
  8838  7352   80.00000   24  489  880.00000   80.00000  90.9%   851 1121s
  9615  8179  121.32877   33  492  880.00000   80.00000  90.9%   844 1126s
 10582  8985  294.97184   44  462  880.00000   80.00000  90.9%   833 1131s
 11693  9800  780.21739   59  318  880.00000   80.00000  90.9%   818 1136s
 12809 10682  180.00000   27  446  880.00000   80.00000  90.9%   805 1142s
 14123 11343  253.33333   36  419  880.00000   80.00000  90.9%   785 1147s
 15028 12066  680.00000   49  352  880.00000   80.00000  90.9%   784 1153s
 16085 13007  708.57013   65  375  880.00000   80.00000  90.9%   777 1159s
 17544 13814   90.00000   29  484  880.00000   80.00000  90.9%   764 1165s
 18724 14474   90.00000   31  467  880.00000   80.00000  90.9%   757 1170s
 19539 15223   90.00000   31  491  880.00000   80.00000  90.9%   762 1267s
 20313 16184  116.11299   34  495  880.00000   80.00000  90.9%   772 1274s
 21379 17120  191.25922   39  457  880.00000   80.00000  90.9%   779 1304s
 22413 18358  193.37827   42  421  880.00000   80.00000  90.9%   784 1313s
 24182 19251  405.56818   49  401  880.00000   80.00000  90.9%   779 1506s
 25204 20106  692.54296   53  361  880.00000   80.00000  90.9%   781 1548s
 26341 22291   98.38754   33  496  880.00000   80.00000  90.9%   778 1561s
 29290 24267  581.51487   42  398  880.00000   80.00000  90.9%   765 1586s
 32092 24337  349.95028   54  512  880.00000   80.00000  90.9%   749 1623s
 32181 26451  354.33582   55  513  880.00000   80.00000  90.9%   749 1635s
 35157 28389  235.36842   38  490  880.00000   80.00000  90.9%   738 1645s
 37847 30270   90.62094   37  503  880.00000   80.00000  90.9%   730 1656s
 40479 30349   80.78785   33  521  880.00000   80.00000  90.9%   723 1693s
 40560 31959   80.81069   34  508  880.00000   80.00000  90.9%   723 1704s
 42965 32097  709.28923   71  381  880.00000   80.00000  90.9%   719 1979s
 43136 33940  792.59443   73  364  880.00000   80.00000  90.9%   719 1990s
 45627 33941   92.38852   29  432  880.00000   80.00000  90.9%   715 1997s
 45629 33942  125.56529   40  363  880.00000   80.00000  90.9%   715 2000s
 45633 33945  475.85471   43  484  880.00000   80.00000  90.9%   715 2005s
 45636 33947  148.75000   26  455  880.00000   80.00000  90.9%   715 2011s
 45639 33949  609.67862   42  450  880.00000   80.00000  90.9%   715 2015s
 45646 33963   80.00000   25  513  880.00000   80.00000  90.9%   717 2020s
 45654 33976   80.11826   26  597  880.00000   80.00000  90.9%   717 2040s
 45670 34003   80.97124   27  609  880.00000   80.00000  90.9%   718 2060s
 45846 34168   90.00000   30  550  880.00000   80.00000  90.9%   722 2065s
 45926 34221   99.40968   30  549  880.00000   80.00000  90.9%   722 2096s
 46006 34275   90.00000   31  531  880.00000   80.00000  90.9%   722 2175s
 46086 34401  150.63074   31  544  880.00000   80.00000  90.9%   722 2180s
 46386 34524   96.66667   33  509  880.00000   80.00000  90.9%   724 2308s
 46466 34714   96.66667   33  523  880.00000   80.00000  90.9%   724 2311s
 46689 34796  133.33333   35  500  880.00000   80.00000  90.9%   724 2324s
 46845 34823  133.33333   36  488  880.00000   80.00000  90.9%   725 2411s
 46926 34875  133.33333   36  525  880.00000   80.00000  90.9%   725 2442s
 47007 35148  133.33333   37  522  880.00000   80.00000  90.9%   725 2445s
 47665 35325  133.33333   40  509  880.00000   80.00000  90.9%   726 2534s
 47755 35371  150.00000   40  485  880.00000   80.00000  90.9%   726 2567s
 47837 35708  133.81883   41  514  880.00000   80.00000  90.9%   726 2570s
 48726 35807  255.00000   44  469  880.00000   80.00000  90.9%   725 2655s
 49359 36258  401.19520   45  492  880.00000   80.00000  90.9%   723 2661s
 49859 36164  441.12054   46  481  880.00000   80.00000  90.9%   723 2696s
 49946 36578  441.12054   47  475  880.00000   80.00000  90.9%   723 2700s
 51136 37186  631.89853   51  443  880.00000   80.00000  90.9%   722 2707s
 51766 37036  708.80081   54  431  880.00000   80.00000  90.9%   721 2792s
 51865 37504  709.93403   54  459  880.00000   80.00000  90.9%   721 2796s
 52630 37788  863.89513   59  439  880.00000   80.00000  90.9%   719 2819s
 53373 38120     cutoff   63       880.00000   80.00000  90.9%   717 2822s
 54208 38103   80.00000   33  498  880.00000   80.00000  90.9%   716 2843s
 54621 38510  180.00000   41  458  880.00000   80.00000  90.9%   715 2865s
 55455 38500  183.52992   50  454  880.00000   80.00000  90.9%   714 2887s
 55887 39134  183.52992   51  444  880.00000   80.00000  90.9%   712 2891s
 56826 39391  429.73398   62  424  880.00000   80.00000  90.9%   712 2915s
 57584 40004  703.70166   72  398  880.00000   80.00000  90.9%   711 2923s
 58676 40254   80.80212   32  567  880.00000   80.00000  90.9%   710 2950s
 59362 41154   96.37118   40  505  880.00000   80.00000  90.9%   711 2956s
 60994 41280  454.86458   59  424  880.00000   80.00000  90.9%   706 3206s
 61796 42252     cutoff   63       880.00000   80.00000  90.9%   705 3214s
 64053 41795  183.38951   38  519  880.00000   80.00000  90.9%   697 3248s
 64473 43030  187.08574   43  474  880.00000   80.00000  90.9%   697 3255s
 66693 43589   80.18181   35  512  880.00000   80.00000  90.9%   691 3263s
 68598 43320  242.73182   46  461  880.00000   80.00000  90.9%   687 3296s
 69006 44557  342.26758   51  430  880.00000   80.00002  90.9%   687 3303s
 71054 45152   90.00000   36  514  880.00000   80.00162  90.9%   684 3310s
 72572 46091   90.00000   44  465  880.00000   80.00162  90.9%   684 3318s
 74348 46847  103.62547   51  484  880.00000   80.00162  90.9%   683 3325s
 76206 47695  614.16411   66  396  880.00000   80.04762  90.9%   682 3333s
 78359 48373 infeasible   41       880.00000   80.04762  90.9%   678 3341s
 80445 48862  610.00000   45  497  880.00000   80.04762  90.9%   675 3348s
 81886 49246     cutoff   56       880.00000   80.11591  90.9%   676 3420s
 82824 49012  192.98431   38  479  880.00000   80.11591  90.9%   677 3656s
 82905 50882  193.75214   39  486  880.00000   80.44678  90.9%   677 3666s
 85241 50170   90.00000   38  513  880.00000   80.46780  90.9%   675 3697s
 85334 52029   90.00000   39  505  880.00000   80.46780  90.9%   675 3707s
 88496 52414  716.14588   71  398  880.00000   80.76273  90.8%   670 3731s
 90846 53028  180.00000   40  421  880.00000   80.76273  90.8%   668 3759s
 92493 59512  180.00000   43  439  880.00000   80.85580  90.8%   669 3801s
 101931 56423  584.00000   66  390  880.00000   81.16061  90.8%   666 3833s
 102032 58275  585.71429   67  372  880.00000   81.16823  90.8%   665 3843s
 104625 57489   90.00000   39  497  880.00000   81.21577  90.8%   663 3930s
 104706 59387   90.00000   39  481  880.00000   81.21577  90.8%   663 3940s
 107046 58686  108.77126   46  499  880.00000   81.21577  90.8%   664 3972s
 107127 60454  110.50157   46  469  880.00000   81.21577  90.8%   664 4036s
 109402 63103  513.19926   55  412  880.00000   81.23006  90.8%   663 4053s
 113862 61685  464.71961   64  428  880.00000   81.30495  90.8%   661 4172s
 113953 64782  483.30226   65  410  880.00000   81.30958  90.8%   661 4187s
 118306 63631  120.28908   43  510  880.00000   81.34667  90.8%   657 4219s
 118627 63595  191.70290   47  421  880.00000   81.34667  90.8%   657 4298s
 118713 67069  191.70290   48  417  880.00000   81.37564  90.8%   657 4315s
 123836 65427 infeasible   65       880.00000   81.46784  90.7%   653 4428s
 123928 68786  811.58637   65  419  880.00000   81.48011  90.7%   653 4444s
 128786 68168   84.63120   39  548  880.00000   81.62428  90.7%   649 4529s
 130004 68502  298.63837   54  424  880.00000   81.62428  90.7%   648 4567s
 131062 72956  765.85011   64  446  880.00000   81.62951  90.7%   647 4591s
 138102 70686   85.90009   35  527  880.00000   81.84473  90.7%   641 4674s
 138185 82657   86.03123   36  517  880.00000   81.85163  90.7%   641 4767s
 155993 84610  756.43620   74  385  880.00000   82.00702  90.7%   632 4794s
 163927 84677  299.96992   57  463  880.00000   82.00876  90.7%   628 4906s
 164017 89375  313.29888   58  438  880.00000   82.00969  90.7%   628 4929s
 170559 89450  100.43668   37  500  880.00000   82.04342  90.7%   625 5219s
 170644 94265  100.61344   38  480  880.00000   82.04503  90.7%   625 5240s
 177328 94341   98.65235   37  480  880.00000   82.55265  90.6%   622 5272s
 177412 98209   98.65235   38  475  880.00000   82.64773  90.6%   622 5293s
 182413 98286  123.18809   43  482  880.00000   82.73190  90.6%   624 5326s
 182496 103687  195.37374   43  472  880.00000   82.84544  90.6%   624 5351s
 189757 105542  116.65590   50  476  880.00000   82.85154  90.6%   622 5472s
 192394 127328   90.00000   47  512  880.00000   82.85455  90.6%   620 5586s
 221754 127387  786.30407   60  427  880.00000   83.26210  90.5%   616 5845s
 221852 134742     cutoff   60       880.00000   83.34084  90.5%   616 5881s
 232868 134808  240.30729   52  468  880.00000   83.46115  90.5%   614 5914s
 232959 140679  340.30729   53  452  880.00000   83.48676  90.5%   614 5944s
 241246 146936  424.29622   55  446  880.00000   83.66256  90.5%   614 6079s
 250194 177004  319.45805   54  490  880.00000   83.71263  90.5%   612 6216s
 292623 180237  367.49608   65  475  880.00000   84.19549  90.4%   605 6333s
 297571 227617  187.76457   48  487  880.00000   84.26790  90.4%   604 6547s
 366716 228324   95.21010   50  486  880.00000   84.72841  90.4%   596 6659s
 367795 283513   95.71320   51  444  880.00000   84.76518  90.4%   596 6900s
 447875 283750  655.78410   50  448  880.00000   85.54098  90.3%   589 7012s
 448303 338220  349.41364   65  456  880.00000   85.56975  90.3%   589 7258s
 478333 338220   91.29989   48  542  880.00000   85.61742  90.3%   586 7260s
 528383 338290  131.00890   50  519  880.00000   86.07769  90.2%   581 7373s
 528494 392124  289.57564   50  464  880.00000   86.08573  90.2%   581 7619s
 529318 392124   92.19817   44  540  880.00000   86.08573  90.2%   581 7620s
 608574 392212  796.43440   64  400  880.00000   86.54791  90.2%   575 7887s
 608725 446307  843.96095   65  391  880.00000   86.55679  90.2%   575 8171s
 688805 446362  713.54580   65  387  880.00000   87.02605  90.1%   570 8361s
 688908 499377  770.25420   66  357  880.00000   87.03080  90.1%   570 8594s
 701921 499377  804.59119   58  441  880.00000   87.05037  90.1%   569 8595s
 768988 499428     cutoff   90       880.00000   87.42871  90.1%   564 8711s
 769093 553169   88.99990   40  531  880.00000   87.42923  90.1%   564 8959s
 793117 553169  631.14204   59  433  880.00000   87.46024  90.1%   563 8961s
 849173 553211  117.87545   48  532  880.00000   87.71248  90.0%   561 9078s
 849288 605879  134.88290   49  500  880.00000   87.71946  90.0%   561 9325s
 911350 605879  642.75458   52  493  880.00000   87.76997  90.0%   559 9330s
 929368 621475   97.48484   46  466  880.00000   88.04550  90.0%   558 9400s
 952606 626916  822.24519   63  452  880.00000   88.17068  90.0%   557 9426s
 959989 632497  120.11731   61  455  880.00000   88.20088  90.0%   557 9453s
 968160 637829  196.53058   41  471  880.00000   88.22455  90.0%   557 9478s
 976638 652405  187.77048   54  502  880.00000   88.26327  90.0%   557 9546s
 997606 658099  236.59726   54  460  880.00000   88.32272  90.0%   557 9574s
 1005079 664308  225.00000   63  432  880.00000   88.35694  90.0%   557 9601s
 1014537 669802  424.50425   76  413  880.00000   88.35994  90.0%   557 9627s
 1022218 675819  117.93768   53  523  880.00000   88.42565  90.0%   557 9653s
 1031171 690265   91.24847   45  525  880.00000   88.43041  90.0%   556 9719s
 1052378 695297  498.66596   45  489  880.00000   88.49857  89.9%   556 9746s
 1060329 700730  247.52386   56  416  880.00000   88.55370  89.9%   555 9772s
 1067133 706224  244.64769   50  468  880.00000   88.56724  89.9%   556 9799s
 1075934 711787  820.24497   76  401  880.00000   88.58860  89.9%   556 9826s
 1083616 725470  191.96999   48  483  880.00000   88.59920  89.9%   556 9889s
 1083864 725470  732.97675   65  386  880.00000   88.60420  89.9%   556 9890s
 1103713 730815  141.61082   61  427  880.00000   88.69186  89.9%   556 9916s
 1111194 736711  807.65008   64  443  880.00000   88.69377  89.9%   556 9943s
 1120226 741896  191.55538   63  477  880.00000   88.73122  89.9%   555 9969s
 1128372 747657  712.59371   64  449  880.00000   88.77521  89.9%   555 9995s
 1137005 761071  752.58876   60  461  880.00000   88.77901  89.9%   555 10056s
 1157394 767004  700.28811   53  465  880.00000   88.88066  89.9%   554 10082s
 1165908 772254  117.20081   49  446  880.00000   88.88385  89.9%   554 10107s
 1173978 777713  339.79871   61  470  880.00000   88.92510  89.9%   553 10132s
 1182313 783295  498.59623   49  461  880.00000   88.96089  89.9%   553 10156s
 1189587 795571  712.02918   63  399  880.00000   88.98324  89.9%   553 10219s
 1210835 800818  110.00000   57  510  880.00000   89.01684  89.9%   552 10243s
 1218784 805934  244.18729   68  497  880.00000   89.02439  89.9%   552 10266s
 1226319 811107  203.60201   53  543  880.00000   89.07134  89.9%   552 10291s
 1233810 816564  282.60420   59  514  880.00000   89.08354  89.9%   552 10317s
 1241288 829549  253.61898   71  421  880.00000   89.11095  89.9%   552 10376s
 1259487 835261  179.06603   48  489  880.00000   89.13978  89.9%   552 10403s
 1268277 840894  272.80145   55  477  880.00000   89.17792  89.9%   551 10429s
 1276983 846122   92.89315   49  483  880.00000   89.21545  89.9%   551 10454s
 1284556 851854  271.75035   53  419  880.00000   89.24251  89.9%   551 10480s
 1293205 864451  388.00344   49  456  880.00000   89.24738  89.9%   551 10538s
 1315082 868892  672.52240   67  379  880.00000   89.32341  89.8%   549 10562s
 1321114 874225  562.91454   57  459  880.00000   89.34091  89.8%   549 10587s
 1328663 879697  311.92017   63  497  880.00000   89.35260  89.8%   549 10612s
 1336660 885006  134.50381   51  473  880.00000   89.36345  89.8%   549 10638s
 1343713 896823  295.45328   52  444  880.00000   89.36851  89.8%   549 10694s
 1361433 902636  119.29606   42  518  880.00000   89.41259  89.8%   549 10720s
 1370388 907793  710.88687   72  411  880.00000   89.43972  89.8%   549 10746s
 1378495 913381  645.54862   59  435  880.00000   89.47629  89.8%   549 10771s
 1386784 918369  579.49751   62  452  880.00000   89.49410  89.8%   548 10796s
 1393883 929690  357.22068   60  441  880.00000   89.51630  89.8%   548 10851s
 1411587 935232  499.80678   63  449  880.00000   89.56459  89.8%   548 10877s
 1419882 940562  109.35972   53  466  880.00000   89.57976  89.8%   548 10902s
 1428550 945796   91.47909   46  527  880.00000   89.61699  89.8%   548 10928s
 1436638 951074   92.79183   41  552  880.00000   89.63734  89.8%   548 10953s
 1444917 962521  265.94639   58  443  880.00000   89.66250  89.8%   547 11007s
 1461731 967866  299.44384   65  434  880.00000   89.70425  89.8%   547 11034s
 1470454 973675  157.09219   46  472  880.00000   89.73470  89.8%   547 11060s
 1479518 978512  232.30838   53  459  880.00000   89.76340  89.8%   547 11085s
 1486932 983596  465.24239   71  474  880.00000   89.77761  89.8%   547 11110s
 1495700 995755  101.78792   51  485  880.00000   89.80168  89.8%   546 11163s
 1513986 1000388  191.43066   50  457  880.00000   89.82916  89.8%   546 11188s
 1522592 1005203  100.21947   43  509  880.00000   89.82995  89.8%   545 11211s
 1529421 1010451  243.40571   48  482  880.00000   89.85229  89.8%   545 11236s
 1537598 1015694  329.41059   49  487  880.00000   89.89013  89.8%   545 11261s
 1547200 1026591  100.00000   46  489  880.00000   89.90673  89.8%   545 11313s
 1562860 1032447  100.62519   45  532  880.00000   89.91674  89.8%   545 11341s
 1570707 1038390  216.37968   63  463  880.00000   89.94613  89.8%   545 11369s
 1579953 1043678  208.89895   52  474  880.00000   89.96780  89.8%   545 11394s
 1584151 1043678  669.30427   63  447  880.00000   89.98662  89.8%   545 11395s
 1588417 1050521  437.50000   61  428  880.00000   89.99402  89.8%   545 11430s
 1598427 1064938  388.92935   59  445  880.00000   90.00000  89.8%   545 11502s
 1619510 1073246   92.62050   40  511  880.00000   90.00000  89.8%   545 11545s
 1630708 1082090  317.70309   69  427  880.00000   90.00000  89.8%   546 11589s
 1643455 1089922  839.80392   65  379  880.00000   90.00000  89.8%   546 11631s
 1655670 1103571   90.00000   40  485  880.00000   90.00000  89.8%   546 11702s
 1677574 1111271  415.99947   69  401  880.00000   90.00000  89.8%   546 11741s
 1688437 1119729  145.90230   49  529  880.00000   90.00000  89.8%   546 11782s
 1701113 1127551     cutoff   63       880.00000   90.00000  89.8%   546 11822s
 1712246 1140855  113.15796   54  490  880.00000   90.00000  89.8%   546 11890s
 1730283 1150214  103.05081   50  520  880.00000   90.00000  89.8%   547 11936s
 1743184 1158957  798.72988   70  463  880.00000   90.00000  89.8%   547 11980s
 1755392 1167702  607.50000   60  454  880.00000   90.00000  89.8%   548 12025s
 1768104 1181628  494.92509   66  463  880.00000   90.00000  89.8%   548 12094s
 1779196 1181628     cutoff   80       880.00000   90.00000  89.8%   548 12095s
 1788442 1188913   90.38953   42  556  880.00000   90.00000  89.8%   548 12136s
 1800735 1196645  104.84934   50  502  880.00000   90.00000  89.8%   548 12177s
 1811454 1204368  850.13393   66  374  880.00000   90.00000  89.8%   548 12220s
 1822974 1217183     cutoff   72       880.00000   90.00000  89.8%   549 12288s
 1843515 1217257   98.07027   48  489  880.00000   90.00000  89.8%   549 12322s
 1843599 1224916  103.67060   49  487  880.00000   90.00000  89.8%   549 12363s
 1854115 1233407  147.57549   58  481  880.00000   90.00000  89.8%   549 12407s
 1867952 1241746   94.98075   47  447  880.00000   90.00000  89.8%   549 12449s
 1880464 1254752  176.93459   55  471  880.00000   90.00000  89.8%   549 12517s
 1900659 1262431   98.43074   45  503  880.00000   90.00000  89.8%   549 12558s
 1912452 1269897  132.06297   56  456  880.00000   90.00000  89.8%   549 12599s
 1923619 1270255  390.18649   58  400  880.00000   90.00000  89.8%   549 12638s
 1924173 1279691     cutoff   60       880.00000   90.00000  89.8%   549 12687s
 1937737 1292551  101.04894   47  507  880.00000   90.00000  89.8%   550 12754s
 1956678 1300219  378.26435   64  470  880.00000   90.00000  89.8%   550 12798s
 1967576 1300292     cutoff   74       880.00000   90.00000  89.8%   550 12894s
 1967662 1309357   90.94454   48  503  880.00000   90.00000  89.8%   550 12940s
 1980913 1309979  110.73803   55  490  880.00000   90.00000  89.8%   551 12975s
 1981638 1320084  120.77647   60  495  880.00000   90.00000  89.8%   551 13027s
 1995867 1332666  332.76370   59  441  880.00000   90.00000  89.8%   551 13097s
 2016650 1340277  595.68898   55  481  880.00000   90.00000  89.8%   551 13136s
 2028120 1347170  107.55658   56  488  880.00000   90.00000  89.8%   551 13176s
 2038336 1347248  116.40821   46  518  880.00000   90.00000  89.8%   551 13300s
 2038418 1356156  269.39288   47  527  880.00000   90.00000  89.8%   551 13345s
 2050643 1368612  100.80344   47  506  880.00000   90.00000  89.8%   552 13412s
 2068077 1377786  350.05367   62  487  880.00000   90.00000  89.8%   552 13459s
 2079908 1377786  254.57471   75  427  880.00000   90.00000  89.8%   552 13460s
 2081879 1385930  849.55036   79  378  880.00000   90.00000  89.8%   552 13502s
 2093414 1385991  571.00816   69  410  880.00000   90.00000  89.8%   553 13794s
 2093512 1394792  591.33840   70  417  880.00000   90.00000  89.8%   553 13839s
 2106188 1400215  346.38611   59  495  880.00000   90.00000  89.8%   553 13897s
 2114514 1419185  148.55384   53  544  880.00000   90.00000  89.8%   553 13993s
 2141608 1428701  454.27948   76  403  880.00000   90.00000  89.8%   553 14046s
 2154343 1441430     cutoff   79       880.00000   90.00000  89.8%   554 14117s
 2172102 1442516  489.10746   63  432  880.00000   90.00000  89.8%   554 14153s
 2173471 1454618  298.24822   54  470  880.00000   90.00000  89.8%   554 14212s
 2190856 1464617   91.85170   52  526  880.00000   90.00000  89.8%   554 14259s
 2199490 1464617  104.10725   52  512  880.00000   90.00000  89.8%   554 14260s
 2205682 1478234  199.65755   49  510  880.00000   90.00000  89.8%   554 14326s
 2224760 1486245  421.02210   68  462  880.00000   90.00000  89.8%   554 14368s
 2236839 1486712   96.37127   56  479  880.00000   90.00000  89.8%   554 14409s
 2237418 1488391   98.29022   57  494  880.00000   90.00000  89.8%   555 14503s
 2239513 1503952  496.96440   70  442  880.00000   90.00000  89.8%   555 14578s
 2262108 1516233  643.67876   78  436  880.00000   90.00000  89.8%   555 14645s
 2278995 1525720  327.45731   58  405  880.00000   90.00000  89.8%   555 14693s
 2292717 1526560  105.75594   48  489  880.00000   90.00000  89.8%   555 14729s
 2293818 1527531  155.65262   52  497  880.00000   90.00000  89.8%   555 14806s
 2295101 1541900  290.73041   61  489  880.00000   90.00000  89.8%   555 14880s
 2317201 1555395   90.14606   49  504  880.00000   90.00000  89.8%   555 14948s
 2337673 1562708  266.66667   51  456  880.00000   90.00000  89.8%   555 14990s
 2350573 1562784  113.40005   53  498  880.00000   90.00000  89.8%   555 15109s
 2350655 1570428  115.88461   54  483  880.00000   90.00000  89.8%   555 15148s
 2361266 1579271  190.16722   50  502  880.00000   90.00000  89.8%   555 15190s
 2374393 1591914  768.64624   61  478  880.00000   90.00000  89.8%   555 15255s
 2392455 1600412  170.03599   61  445  880.00000   90.00000  89.8%   556 15300s
 2407570 1600481  208.63602   53  480  880.00000   90.00000  89.8%   555 15332s
 2407661 1601919  235.22759   54  473  880.00000   90.00000  89.8%   555 15417s
 2409840 1614096     cutoff   75       880.00000   90.00000  89.8%   555 15477s
 2427489 1627446  253.54344   55  505  880.00000   90.00000  89.8%   556 15543s
 2447744 1635482     cutoff   63       880.00000   90.00000  89.8%   556 15583s
 2460652 1635552  134.06418   51  464  880.00000   90.00000  89.8%   555 15616s
 2460742 1637204  258.75185   52  443  880.00000   90.00000  89.8%   555 15716s
 2462916 1648811  799.15438   60  460  880.00000   90.00000  89.8%   555 15779s
 2480669 1661945  249.68569   60  467  880.00000   90.00000  89.8%   556 15846s
 2500464 1662144  110.00000   49  465  880.00000   90.00000  89.8%   556 15885s
 2500719 1671511  344.10748   53  498  880.00000   90.00000  89.8%   556 15929s
 2508449 1671511  527.88272   54  405  880.00000   90.00000  89.8%   556 15930s
 2514754 1679490  255.95888   68  448  880.00000   90.00000  89.8%   556 15970s
 2526304 1679561 infeasible   74       880.00000   90.00000  89.8%   556 16229s
 2526391 1733640   90.17328   44  535  880.00000   90.00000  89.8%   556 16518s
 2559424 1733640  196.21333   53  478  880.00000   90.00000  89.8%   556 16520s
 2606471 1738382   94.99683   47  531  880.00000   90.00000  89.8%   557 16581s
 2613861 1758798   90.36169   45  521  880.00000   90.00000  89.8%   557 16688s
 2643452 1761070  100.35716   48  530  880.00000   90.00000  89.8%   557 16732s
 2646473 1775153  647.70307   63  461  880.00000   90.00000  89.8%   557 16802s
 2667418 1779576   90.64540   49  527  880.00000   90.00000  89.8%   557 16860s
 2675612 1798495   92.93969   50  484  880.00000   90.00000  89.8%   557 16957s
 2705069 1798564  342.76296   53  406  880.00000   90.00000  89.8%   557 17221s
 2705160 1808252  329.94641   53  407  880.00000   90.00000  89.8%   557 17271s
 2719176 1814110  814.05083   69  380  880.00000   90.00000  89.8%   558 17330s
 2727908 1831968  160.42963   59  443  880.00000   90.00000  89.8%   557 17424s
 2728598 1831968   90.00000   43  518  880.00000   90.00000  89.8%   557 17425s
 2756861 1833463  171.53584   60  491  880.00000   90.00000  89.8%   557 17464s
 2758918 1845309   93.51040   45  537  880.00000   90.00000  89.8%   557 17525s
 2774827 1858161  745.65860   72  393  880.00000   90.00000  89.8%   558 17593s
 2793421 1866388   91.12080   47  497  880.00000   90.00000  89.8%   558 17639s
 2805397 1867046  241.02878   50  534  880.00000   90.00000  89.8%   558 17674s
 2806319 1878002  490.04730   56  470  880.00000   90.00000  89.8%   558 17728s
 2823006 1890537   90.00000   46  502  880.00000   90.00000  89.8%   558 17796s
 2841206 1890614  107.78350   52  544  880.00000   90.00000  89.8%   558 17896s
 2841288 1899747  107.81014   52  528  880.00000   90.00000  89.8%   558 17944s
 2854749 1900388  792.10128   70  343  880.00000   90.00000  89.8%   559 17985s
 2855683 1900460  101.03946   52  494  880.00000   90.00000  89.8%   559 18079s
 2855770 1910826  105.13555   53  445  880.00000   90.00000  89.8%   559 18134s
 2860165 1910826  131.42059   59  525  880.00000   90.00000  89.8%   559 18135s
 2870484 1910899  555.94097   70  441  880.00000   90.00000  89.8%   559 18392s
 2870569 1964686  553.09760   70  455  880.00000   90.00000  89.8%   559 18681s
 2950649 1970343  403.78269   49  473  880.00000   90.00000  89.8%   560 18750s
 2958993 1988799  210.57411   58  420  880.00000   90.00000  89.8%   560 18847s
 2984644 1991958  424.66667   48  457  880.00000   90.00000  89.8%   561 18900s
 2990048 2005586     cutoff   74       880.00000   90.00000  89.8%   561 18974s
 2998727 2005586  412.27646   66  455  880.00000   90.00000  89.8%   561 18975s
 3012447 2011479     cutoff   58       880.00000   90.00000  89.8%   560 19034s
 3021287 2028797  670.75487   67  434  880.00000   90.00000  89.8%   560 19126s
 3046288 2028889   90.83005   48  540  880.00000   90.00000  89.8%   561 19218s
 3046445 2032332   91.54690   49  532  880.00000   90.00000  89.8%   561 19266s
 3051705 2047040  794.18590   77  385  880.00000   90.00000  89.8%   561 19343s
 3075863 2060496  131.72282   64  446  880.00000   90.00000  89.8%   560 19412s
 3094810 2060566   90.38053   52  519  880.00000   90.00000  89.8%   561 19492s
 3094897 2061982   90.71750   53  501  880.00000   90.00000  89.8%   561 19533s
 3097070 2073785 infeasible   77       880.00000   90.00000  89.8%   561 19596s
 3115719 2082840 infeasible   76       880.00000   90.00000  89.8%   561 19643s
 3129629 2096092   92.39037   50  525  880.00000   90.00000  89.8%   561 19713s
 3148636 2096160  472.19247   69  436  880.00000   90.00000  89.8%   561 19799s
 3148726 2097646  515.69741   70  419  880.00000   90.00000  89.8%   561 19839s
 3150836 2109061   92.55785   45  493  880.00000   90.00000  89.8%   561 19900s
 3169781 2117939  117.46626   51  492  880.00000   90.00000  89.8%   561 19947s
 3182600 2130389  616.84579   59  432  880.00000   90.00000  89.8%   561 20015s
 3200827 2130468  373.77264   58  446  880.00000   90.00000  89.8%   561 20102s
 3200908 2132283  368.11111   59  455  880.00000   90.00000  89.8%   561 20144s
 3203093 2144621  732.97931   66  429  880.00000   90.00000  89.8%   561 20207s
 3221387 2153742   95.68613   53  517  880.00000   90.00000  89.8%   562 20258s
 3236561 2166957   91.30975   45  455  880.00000   90.00000  89.8%   561 20326s
 3255530 2167486  138.99410   55  471  880.00000   90.00000  89.8%   562 20362s
 3256329 2168471  179.33061   59  457  880.00000   90.00000  89.8%   562 20624s
 3257703 2183812  675.17398   76  430  880.00000   90.00000  89.8%   562 20705s
 3279240 2186764  152.40379   57  480  880.00000   90.00000  89.8%   562 20750s
 3283707 2200072  627.93353   62  482  880.00000   90.00000  89.8%   562 20822s
 3304890 2207712  290.00000   53  445  880.00000   90.00000  89.8%   562 20862s
 3316083 2215752   90.00000   46  498  880.00000   90.00000  89.8%   562 20903s
 3328126 2223309  206.90747   56  482  880.00000   90.00000  89.8%   562 20944s
 3339015 2228966  126.54563   51  502  880.00000   90.00000  89.8%   562 21003s
 3346557 2250714   90.00000   46  474  880.00000   90.00000  89.8%   563 21112s
 3379075 2259751   92.08008   48  546  880.00000   90.00000  89.8%   563 21161s
 3392484 2271875   90.03619   45  535  880.00000   90.00000  89.8%   563 21230s
 3412052 2272148  257.65341   71  406  880.00000   90.00000  89.8%   563 21263s
 3412445 2273426  720.00000   74  340  880.00000   90.00000  89.8%   563 21347s
 3414224 2287140  844.87805   84  297  880.00000   90.00000  89.8%   563 21417s
 3433910 2297014  520.24256   63  410  880.00000   90.00000  89.8%   563 21468s
 3448014 2310293     cutoff   84       880.00000   90.00000  89.8%   563 21540s
 3468871 2310359  205.55071   59  462  880.00000   90.00000  89.8%   563 21573s
 3468963 2311586  205.60896   60  443  880.00000   90.00000  89.8%   563 21654s
 3469511 2311586   93.14560   45  509  880.00000   90.00000  89.8%   563 21655s
 3471192 2323445  220.62130   55  469  880.00000   90.00000  89.8%   563 21719s
 3490287 2323445  852.78094   84  374  880.00000   90.00000  89.8%   563 21720s
 3491052 2332085  238.52736   56  439  880.00000   90.00000  89.8%   563 21766s
 3504143 2345540   98.15480   52  480  880.00000   90.00000  89.8%   563 21836s
 3525188 2345607  109.47595   52  507  880.00000   90.00000  89.8%   563 21869s
 3525299 2346784  113.35758   53  478  880.00000   90.00000  89.8%   563 22122s
 3527504 2361276   90.15013   45  537  880.00000   90.00000  89.8%   563 22197s
 3548390 2363491  113.26695   45  503  880.00000   90.00000  89.8%   563 22240s
 3551931 2376237  728.46264   66  373  880.00000   90.00000  89.8%   563 22309s
 3570025 2385246  101.98613   52  537  880.00000   90.00000  89.8%   563 22356s
 3584727 2393174   92.03901   53  523  880.00000   90.00000  89.8%   563 22397s
 3597135 2393259  583.02028   74  432  880.00000   90.00000  89.8%   563 22429s
 3597233 2401772     cutoff   75       880.00000   90.00000  89.8%   563 22471s
 3610235 2414974  556.65591   65  448  880.00000   90.00000  89.8%   563 22541s
 3628918 2423658  750.91232   60  442  880.00000   90.00000  89.8%   563 22586s
 3641354 2432066  208.00583   56  460  880.00000   90.00000  89.8%   563 22630s
 3653275 2440364   91.15171   43  485  880.00000   90.00000  89.8%   564 22673s
 3665413 2453969   91.88644   47  494  880.00000   90.00000  89.8%   564 22743s
 3684112 2454038  169.37299   54  469  880.00000   90.00000  89.8%   564 22868s
 3684203 2462706  180.29719   54  489  880.00000   90.00000  89.8%   564 22915s
 3697310 2462773  136.93715   44  487  880.00000   90.00000  89.8%   564 23009s
 3697403 2472125  137.29337   45  483  880.00000   90.00000  89.8%   564 23055s
 3711672 2472196   94.10686   56  521  880.00000   90.00000  89.8%   564 23170s
 3711760 2526152  108.89623   57  531  880.00000   90.00000  89.8%   564 23460s
 3791840 2538931   94.66075   46  510  880.00000   90.00000  89.8%   564 23533s
 3810454 2539007  192.05683   49  492  880.00000   90.00000  89.8%   564 23815s
 3810537 2547828  228.01173   50  474  880.00000   90.00000  89.8%   564 23861s
 3823404 2549135   91.22126   49  526  880.00000   90.00000  89.8%   565 23904s
 3825372 2560859  468.46332   68  460  880.00000   90.00000  89.8%   565 23965s
 3844892 2566238   93.91363   53  479  880.00000   90.00000  89.8%   564 24025s
 3852668 2587000   94.47567   51  511  880.00000   90.00000  89.8%   564 24130s
 3884906 2595592 infeasible   69       880.00000   90.00000  89.8%   564 24180s
 3899310 2608853  152.57958   53  534  880.00000   90.00000  89.8%   564 24248s
 3917696 2608923  500.00000   57  484  880.00000   90.00000  89.8%   564 24367s
 3917785 2618466  518.77909   58  489  880.00000   90.00000  89.8%   564 24414s
 3933330 2626231  395.26296   52  475  880.00000   90.00000  89.8%   564 24455s
 3944484 2631414  159.56601   60  468  880.00000   90.00000  89.8%   564 24477s

Cutting planes:
  Cover: 99
  Implied bound: 6
  Clique: 12
  MIR: 43
  Flow cover: 46
  GUB cover: 3
  Inf proof: 7
  Zero half: 105
  RLT: 769
  BQP: 290
  PSD: 1

Explored 3952220 nodes (2230344069 simplex iterations) in 24478.57 seconds (18913.61 work units)
Thread count was 80 (of 140 available processors)

Solution count 10: 880 890 980 ... 1910

Solve interrupted
Best objective 8.800000000000e+02, best bound 9.000000000000e+01, gap 89.7727%
