
Gurobi 11.0.3 (linux64, Matlab) logging started Wed 02 Oct 2024 08:06:09 PM EDT

Set parameter Username
Set parameter Method to value 3
Set parameter MIPFocus to value 1
Set parameter LogFile to value "runs/PIONEER25_All_Teams_1/logfile1.txt"
Set parameter Threads to value 80
Academic license - for non-commercial use only - expires 2025-03-10
Gurobi Optimizer version 11.0.3 build v11.0.3rc0 (linux64 - "Red Hat Enterprise Linux 9.4 (Plow)")

CPU model: Intel(R) Xeon(R) CPU E5-4650 v2 @ 2.40GHz, instruction set [SSE2|AVX]
Thread count: 70 physical cores, 140 logical processors, using up to 80 threads

Optimize a model with 17562 rows, 32534 columns and 86238 nonzeros
Model fingerprint: 0xe1683662
Variable types: 0 continuous, 32534 integer (32534 binary)
Coefficient statistics:
  Matrix range     [1e+00, 1e+01]
  Objective range  [1e+01, 4e+05]
  Bounds range     [1e+00, 1e+00]
  RHS range        [1e+00, 5e+01]
Found heuristic solution: objective 9790460.0000
Presolve removed 1247 rows and 14179 columns
Presolve time: 0.18s
Presolved: 16315 rows, 18355 columns, 64023 nonzeros
Found heuristic solution: objective 7110460.0000
Variable types: 0 continuous, 18355 integer (17164 binary)
Concurrent LP optimizer: primal simplex, dual simplex, and barrier
Showing barrier log only...

Root barrier log...

Ordering time: 0.32s

Barrier statistics:
 AA' NZ     : 2.719e+05
 Factor NZ  : 2.859e+06 (roughly 34 MB of memory)
 Factor Ops : 9.703e+08 (less than 1 second per iteration)
 Threads    : 78

                  Objective                Residual
Iter       Primal          Dual         Primal    Dual     Compl     Time
   0   4.89550427e+09 -1.48523610e+10  7.51e+01 5.01e+03  6.57e+06     1s
   1   1.99510434e+09 -1.98114387e+10  2.18e+01 2.18e+05  2.05e+06     1s
   2   4.56701298e+08 -1.09036798e+10  8.59e-01 9.31e-10  3.08e+05     1s
   3   1.03322398e+08 -1.10843532e+09  1.53e-02 4.66e-10  2.95e+04     1s
   4   5.47885767e+07 -4.67885208e+08  4.91e-03 2.33e-10  1.27e+04     1s
   5   3.04251306e+07 -1.22019295e+08  1.78e-03 2.33e-10  3.70e+03     1s
   6   6.21388831e+06 -1.90386104e+07  1.53e-04 2.33e-10  6.12e+02     1s
   7   2.28929719e+06 -3.16248991e+06  3.95e-05 3.49e-10  1.32e+02     1s
   8   1.25286966e+05 -4.25695368e+05  1.43e-06 4.66e-10  1.34e+01     2s
   9   4.88400758e+04 -1.03869316e+05  5.17e-07 2.33e-10  3.70e+00     2s
  10   1.32847285e+04 -1.98924679e+04  1.14e-07 2.33e-10  8.04e-01     2s

Barrier performed 10 iterations in 1.67 seconds (0.43 work units)
Barrier solve interrupted - model solved by another algorithm


Solved with dual simplex

Use crossover to convert LP symmetric solution to basic solution...

Root relaxation: objective 2.001250e+03, 4288 iterations, 1.74 seconds (0.85 work units)
Total elapsed time = 6.07s (DegenMoves)

    Nodes    |    Current Node    |     Objective Bounds      |     Work
 Expl Unexpl |  Obj  Depth IntInf | Incumbent    BestBd   Gap | It/Node Time

     0     0 2001.25000    0  509 7110460.00 2001.25000   100%     -    9s
H    0     0                    3207010.0000 2001.25000   100%     -    9s
H    0     0                    3176710.0000 2001.25000   100%     -   10s
     0     0 2005.00000    0  607 3176710.00 2005.00000   100%     -   12s
H    0     0                    1536210.0000 2005.00000   100%     -   23s
     0     0 2005.00000    0  586 1536210.00 2005.00000   100%     -   23s
     0     0 2005.00000    0  577 1536210.00 2005.00000   100%     -   24s
     0     0 2011.11111    0  598 1536210.00 2011.11111   100%     -   26s
H    0     0                    1497410.0000 2011.11111   100%     -   26s
     0     0 2011.25000    0  581 1497410.00 2011.25000   100%     -   27s
     0     0 2012.47423    0  577 1497410.00 2012.47423   100%     -   27s
     0     0 2012.47423    0  564 1497410.00 2012.47423   100%     -   27s
     0     0 2021.11111    0  611 1497410.00 2021.11111   100%     -   30s
     0     0 2021.66667    0  598 1497410.00 2021.66667   100%     -   31s
     0     0 2022.50000    0  585 1497410.00 2022.50000   100%     -   31s
     0     0 2022.50000    0  567 1497410.00 2022.50000   100%     -   31s
     0     0 2030.00000    0  577 1497410.00 2030.00000   100%     -   33s
     0     0 2034.14286    0  588 1497410.00 2034.14286   100%     -   33s
     0     0 2034.14286    0  562 1497410.00 2034.14286   100%     -   34s
     0     0 2060.89005    0  533 1497410.00 2060.89005   100%     -   45s
H    0     0                    1286410.0000 2060.89005   100%     -   47s
     0     2 2066.33508    0  482 1286410.00 2066.33508   100%     -   53s
H    1     4                    1246210.0000 2066.95652   100%  4897  102s
H    2     4                    954910.00000 2066.95652   100%  3102  102s
     3     8 3002.50000    2  545 954910.000 2126.15385   100%  3271  105s
H   31    64                    851910.00000 2171.36364   100%  2480  159s
H   33    64                    821910.00000 2171.36364   100%  2404  159s
H   38    64                    775410.00000 2171.36364   100%  2267  159s
    63   128 3166.66667    6  549 775410.000 2180.00000   100%  1949  163s
   127   208 4000.00000    7  503 775410.000 2303.33333   100%  2508  167s
H  130   208                    706410.00000 2303.33333   100%  2493  167s
H  148   208                    686410.00000 2303.33333   100%  2374  167s
H  165   208                    683410.00000 2320.00000   100%  2251  167s
   207   288 4001.11111    8  541 683410.000 2320.00000   100%  2095  170s
H  287   368                    38440.000000 2392.85714  93.8%  1829  225s
H  325   368                    34850.000000 2392.85714  93.1%  1784  225s
H  351   368                    29910.000000 2392.85714  92.0%  1729  225s
   447   548 4068.13333   10  504 29910.0000 2392.85714  92.0%  1609  231s
   656   759 5546.92308   13  549 29910.0000 2392.85714  92.0%  1486  239s
   758   843 5002.50000   13  496 29910.0000 2392.85714  92.0%  1452  243s
   842   978 6001.25000   14  550 29910.0000 2392.85714  92.0%  1413  247s
   977  1116 5002.50000   14  492 29910.0000 2392.85714  92.0%  1367  309s
H  986  1116                    28810.000000 2392.85714  91.7%  1365  309s
  1115  1276 5002.50000   15  468 28810.0000 2392.85714  91.7%  1319  313s
H 1275  1365                    27810.000000 2392.85714  91.4%  1285  405s
H 1276  1365                    27710.000000 2392.85714  91.4%  1286  405s
H 1288  1365                    21520.000000 2392.85714  88.9%  1284  405s
H 1316  1365                    21510.000000 2392.85714  88.9%  1277  405s
  1364  1559 5005.00000   17  468 21510.0000 2392.85714  88.9%  1274  411s
  1560  1763 5011.31579   18  530 21510.0000 2392.85714  88.9%  1247  416s
H 1770  1843                    20510.000000 2392.85714  88.3%  1221 1207s
H 1771  1843                    19510.000000 2392.85714  87.7%  1221 1207s
H 1773  1843                    18500.000000 2392.85714  87.1%  1220 1207s
H 1777  1843                    17500.000000 2392.85714  86.3%  1222 1207s
H 1794  1843                    14540.000000 2392.85714  83.5%  1221 1207s
H 1825  1843                    14510.000000 2392.85714  83.5%  1219 1207s
  1850  1911 5189.41176   19  461 14510.0000 2392.85714  83.5%  1219 1286s
H 1851  1911                    14140.000000 2392.85714  83.1%  1218 1286s
H 1852  1911                    12510.000000 2392.85714  80.9%  1219 1286s
H 1859  1911                    12310.000000 2392.85714  80.6%  1220 1286s
H 1937  1911                    12020.000000 2392.85714  80.1%  1214 1286s
  1942  2177 5230.00000   20  499 12020.0000 2392.85714  80.1%  1214 1294s
  2241  2155 4050.00000   13  533 12020.0000 2392.85714  80.1%  1188 1298s
  2243  2156 3160.00000    9  476 12020.0000 2392.85714  80.1%  1187 1313s
  2244  2157 4024.00000   15  576 12020.0000 2392.85714  80.1%  1187 1315s
  2253  2163 3017.50000    8  628 12020.0000 2392.85714  80.1%  1182 1320s
  2261  2168 5002.50000   16  666 12020.0000 2392.85714  80.1%  1178 1325s
  2262  2169 4030.00000   18  651 12020.0000 2392.85714  80.1%  1177 1331s
  2264  2173 2500.00000   14  563 12020.0000 2500.00000  79.2%  1200 1338s
  2266  2177 2500.00000   15  576 12020.0000 2500.00000  79.2%  1200 1345s
H 2269  2067                    11020.000000 2500.00000  77.3%  1201 1345s
  2270  2074 2500.00000   16  570 11020.0000 2500.00000  77.3%  1203 1351s
  2294  2114 2500.00000   18  536 11020.0000 2500.00000  77.3%  1225 1392s
  2326  2168 3010.04647   19  597 11020.0000 2500.00000  77.3%  1236 1396s
  2390  2226 3060.19324   20  567 11020.0000 2500.00000  77.3%  1311 1404s
  2470  2280 3478.23529   21  586 11020.0000 2500.00000  77.3%  1340 1485s
H 2550  2229                    11010.000000 2500.00000  77.3%  1357 1921s
H 2559  2128                    10520.000000 2500.00000  76.2%  1364 1921s
  2630  2184 3110.00000   22  526 10520.0000 2500.00000  76.2%  1382 1925s
  2710  2312 3110.00000   22  558 10520.0000 2500.00000  76.2%  1397 1932s
  2864  2402 3110.15873   23  612 10520.0000 2500.00000  76.2%  1484 1938s
  3006  2447 3110.00000   23  512 10520.0000 2500.00000  76.2%  1497 1946s
  3100  2584 3110.00000   24  513 10520.0000 2500.00000  76.2%  1501 1951s
  3270  2702 3110.00000   25  520 10520.0000 2500.00000  76.2%  1494 1959s
  3447  2816 3110.00000   25  504 10520.0000 2500.00000  76.2%  1489 1967s
  3626  2836 3110.00000   26  500 10520.0000 2500.00000  76.2%  1488 2035s
  3706  3016 3110.00000   26  482 10520.0000 2500.00000  76.2%  1484 2043s
  3928  3169 3255.51724   27  597 10520.0000 2500.00000  76.2%  1476 2049s
  4159  3335 3278.00000   28  525 10520.0000 2500.00000  76.2%  1465 2056s
  4414  3497 5280.00000   29  582 10520.0000 2500.00000  76.2%  1459 2063s
  4679  3651 3450.00000   30  533 10520.0000 2500.00000  76.2%  1447 2070s
  4961  3823 3713.33333   31  526 10520.0000 2500.00000  76.2%  1439 2078s
  5268  3972 3716.66667   32  537 10520.0000 2500.00000  76.2%  1426 2088s
  5562  4120 5018.33333   33  563 10520.0000 2500.00000  76.2%  1421 2096s
  5885  4218 4010.00000   34  487 10520.0000 2500.00000  76.2%  1413 2105s
  6197  4343 4010.00000   35  500 10520.0000 2500.00000  76.2%  1407 2114s
  6524  4509 4088.94737   36  542 10520.0000 2500.00000  76.2%  1403 2124s
  6859  4679 4243.33333   37  512 10520.0000 2500.00000  76.2%  1398 2133s
  7179  4861 4110.00000   38  506 10520.0000 2500.00000  76.2%  1400 2142s
  7527  5065 4110.00000   39  504 10520.0000 2500.00000  76.2%  1399 2150s
  7920  5295 4110.00000   40  477 10520.0000 2500.00000  76.2%  1392 2162s
  8333  5606 4110.00000   41  478 10520.0000 2500.00000  76.2%  1387 2172s
  8723  5922 4110.00000   42  467 10520.0000 2500.00000  76.2%  1386 2182s
  9073  6288 4443.33333   44  455 10520.0000 2500.00000  76.2%  1393 2192s
  9472  6693 4110.83333   45  460 10520.0000 2500.00000  76.2%  1399 2203s
  9926  7112 4163.33333   48  482 10520.0000 2500.00000  76.2%  1400 2215s
 10446  7447 5020.00000   50  477 10520.0000 2500.00000  76.2%  1395 2225s
 10972  7811 5020.00000   51  476 10520.0000 2500.00000  76.2%  1388 2237s
 11457  8302 5420.00000   52  499 10520.0000 2500.00000  76.2%  1383 2248s
 12030  8811 5354.28571   57  508 10520.0000 2500.00000  76.2%  1376 2260s
 12606  9387 8311.25000   59  470 10520.0000 2500.00000  76.2%  1371 2272s
 13282  9917 5649.19272   62  475 10520.0000 2500.00000  76.2%  1360 2286s
 13933 10439 5787.71954   66  501 10520.0000 2500.00000  76.2%  1355 2298s
 14632 11002 6109.36195   69  489 10520.0000 2500.00000  76.2%  1349 2312s
 15341 11601 6183.32067   72  480 10520.0000 2500.00000  76.2%  1345 2327s
 16063 12262 7120.25773   77  463 10520.0000 2500.00000  76.2%  1342 2341s
 16832 12926 7574.77361   83  413 10520.0000 2500.00000  76.2%  1338 2356s
 17653 13674 8365.71429   91  389 10520.0000 2500.00000  76.2%  1334 2371s
 18548 14326     cutoff   98      10520.0000 2775.23810  73.6%  1325 2386s
 19381 15049 3120.00000   23  506 10520.0000 2805.83333  73.3%  1326 2402s
 20298 15763 3120.00000   29  518 10520.0000 2805.83333  73.3%  1321 2419s
 21275 16596 3120.00000   37  497 10520.0000 2805.83333  73.3%  1316 2437s
 22275 17445 3178.22222   48  548 10520.0000 2805.83333  73.3%  1310 2457s
 23318 18360 3921.32992   59  471 10520.0000 2805.83333  73.3%  1304 2475s
 24424 19152 6900.00000   73  465 10520.0000 2805.83333  73.3%  1299 2494s
 25547 19989 9090.53964   92  494 10520.0000 2990.00000  71.6%  1295 2605s
 26623 20987 3110.00000   24  528 10520.0000 2990.00000  71.6%  1294 2628s
 27828 22020 6030.00000   31  558 10520.0000 2990.00000  71.6%  1290 2649s
 29050 22886 6030.00000   42  462 10520.0000 2990.00000  71.6%  1288 2674s
 30266 23806 8030.00000   51  490 10520.0000 2990.00000  71.6%  1286 2698s
 31528 24729 9196.66667   67  469 10520.0000 3010.47619  71.4%  1288 2730s
 32639 25805 4514.00000   23  556 10520.0000 3010.47619  71.4%  1294 2755s
 33786 26913 5010.00000   32  486 10520.0000 3010.47619  71.4%  1299 2782s
 35050 27949 8010.00000   49  456 10520.0000 3010.47619  71.4%  1303 2810s
 36252 29130 9876.92144   62  509 10520.0000 3010.47619  71.4%  1313 2841s
 37663 30457 5568.88889   31  503 10520.0000 3011.11111  71.4%  1318 2872s
 39208 31781 8011.42857   56  434 10520.0000 3012.00000  71.4%  1321 2905s
 40702 33338 3260.00000   28  491 10520.0000 3012.00000  71.4%  1327 2939s
 42406 35054 7021.66667   46  455 10520.0000 3012.00000  71.4%  1330 2974s
 44360 36806 10007.2750   75  497 10520.0000 3020.00000  71.3%  1329 3010s
 46438 40017 3020.00000   29  488 10520.0000 3020.00000  71.3%  1329 3074s
 50284 41647 3033.42857   40  500 10520.0000 3020.00000  71.3%  1328 3108s
 52482 43022 3377.65957   41  554 10520.0000 3020.00000  71.3%  1321 3143s
 54377 44732 3331.58730   48  506 10520.0000 3020.00000  71.3%  1320 3180s
 56408 46263 5030.00000   58  496 10520.0000 3020.00000  71.3%  1319 3218s
 58371 48022 4530.00000   69  494 10520.0000 3020.00000  71.3%  1322 3258s
 60580 49975 7030.00000   77  404 10520.0000 3020.00000  71.3%  1322 3300s
 63045 51762 8530.00000   88  341 10520.0000 3020.00000  71.3%  1321 3344s
 65331 53852 9530.00000   99  323 10520.0000 3020.00000  71.3%  1323 3390s
 67618 56269 6143.04181   47  523 10520.0000 3020.00000  71.3%  1325 3439s
 70404 58463 3280.00000   40  547 10520.0000 3020.00000  71.3%  1325 3488s
 73426 60575 9659.40848   84  406 10520.0000 3020.00000  71.3%  1323 3540s
 76241 62457 3030.00000   38  515 10520.0000 3020.00000  71.3%  1323 3594s
 78630 63978 3530.00000   45  499 10520.0000 3020.00000  71.3%  1329 3803s
 80248 67010 6520.00000   48  492 10520.0000 3020.00000  71.3%  1336 3885s
 83723 71228 5734.42838   61  534 10520.0000 3020.00000  71.3%  1347 3969s
 88545 75472 7501.95391   78  501 10520.0000 3020.00000  71.3%  1350 4050s
 93978 79593 4045.12931   39  517 10520.0000 3020.00000  71.3%  1342 4160s
 99327 82837 6011.47059   45  484 10520.0000 3020.00000  71.3%  1348 4240s
 103540 86220 9161.49922   71  466 10520.0000 3020.00000  71.3%  1349 4325s
 108043 89436 6740.09126   56  548 10520.0000 3020.00000  71.3%  1349 4408s
 112262 92888 7487.22222   54  479 10520.0000 3020.00000  71.3%  1351 4497s
 116539 96540 5283.31169   41  497 10520.0000 3020.00000  71.3%  1353 4590s
 121328 100593 4028.00000   39  513 10520.0000 3026.25000  71.2%  1354 4685s
 126792 102467 5853.33333   52  535 10520.0000 3027.50000  71.2%  1351 4918s
 129451 108043 3536.76535   40  567 10520.0000 3027.50000  71.2%  1353 5056s
 136789 113159 6020.83333   66  461 10520.0000 3027.80612  71.2%  1354 5184s
 143679 120180 3074.00000   33  521 10520.0000 3030.00000  71.2%  1356 5362s
 153111 125211 3340.07550   37  526 10520.0000 3030.00000  71.2%  1360 5496s
 159200 131476 6530.00000   54  421 10520.0000 3030.00000  71.2%  1368 5644s
 167434 136894 6588.33333   50  464 10520.0000 3030.00000  71.2%  1370 5787s
 174887 140237 4089.25898   39  526 10520.0000 3030.00000  71.2%  1375 5908s
H175404 140174                    10510.000000 3030.00000  71.2%  1375 5908s
 179280 147188 infeasible   52      10510.0000 3030.00000  71.2%  1380 6098s
 188947 154613 3530.00000   46  512 10510.0000 3030.00000  71.2%  1387 6278s
 198044 164674 9880.00000  104  166 10510.0000 3030.00000  71.2%  1395 6508s
 213666 170284 4335.20515   54  546 10510.0000 3030.00000  71.2%  1386 6647s
 220225 173905     cutoff   75      10510.0000 3030.00000  71.2%  1394 6772s
 224528 183121 4176.87500   57  500 10510.0000 3030.00000  71.2%  1393 6978s
 237092 189735 3234.30989   41  608 10510.0000 3030.00000  71.2%  1391 7148s
 244853 201461 5668.37466   64  572 10510.0000 3030.00000  71.2%  1402 7379s
 259451 205719 10351.3333  100  411 10510.0000 3030.00000  71.2%  1402 7699s
 265398 214062 8138.29843   58  501 10510.0000 3030.00000  71.2%  1404 7933s
 276825 225416 5380.30264   72  503 10510.0000 3030.00000  71.2%  1409 8160s
*279232 218579             117    10030.000000 3030.00000  69.8%  1408 8160s
H289549 207116                    9530.0000000 3030.00000  68.2%  1410 8554s
H289553 193115                    9030.0000000 3030.00000  66.4%  1410 8554s
H289558 180084                    8530.0000000 3030.00000  64.5%  1410 8554s
 289650 187147 6685.28758   62  480 8530.00000 3030.00000  64.5%  1410 8744s
 292463 187147     cutoff   97      8530.00000 3030.00000  64.5%  1410 8745s
 300609 187263 5511.76032   56  547 8530.00000 3030.00000  64.5%  1411 8952s
 300862 247202 5514.51308   57  535 8530.00000 3030.00000  64.5%  1411 10880s
 380942 252675 4957.70262   59  517 8530.00000 3030.00000  64.5%  1454 11086s
 388898 262561 4664.31373   54  485 8530.00000 3030.00000  64.5%  1456 11368s
 403516 270092 4735.83333   48  563 8530.00000 3030.00000  64.5%  1459 11582s
 414399 278102 4688.96552   55  426 8530.00000 3030.00000  64.5%  1463 11785s
 424179 282475 5239.16667   79  483 8530.00000 3030.00000  64.5%  1467 11951s
 430566 291747 4030.00000   59  478 8530.00000 3030.00000  64.5%  1468 12198s
 442440 299143 6205.57490   84  496 8530.00000 3030.00000  64.5%  1474 12393s
 452701 305828 5002.36633   52  519 8530.00000 3030.00000  64.5%  1476 12578s
 462044 313029 5530.00000   62  471 8530.00000 3030.00000  64.5%  1479 12769s
 464715 313029 3224.44221   45  554 8530.00000 3030.00000  64.5%  1480 12770s
 470602 320742 4172.88739   74  526 8530.00000 3030.00000  64.5%  1485 12968s
 481615 324919 6740.45858   73  510 8530.00000 3030.00000  64.5%  1485 13353s
 487493 350830 7329.23529   85  441 8530.00000 3030.00000  64.5%  1489 14118s
 524303 350895 3815.79335   48  552 8530.00000 3030.00000  64.5%  1499 14955s
H524335 331073                    8050.0000000 3030.00000  62.4%  1499 14955s
H524337 309105                    7620.0000000 3030.00000  60.2%  1499 14955s
 524394 314313 5026.66667   49  487 7620.00000 3030.00000  60.2%  1499 15171s
 531766 322779 7342.37037   88  455 7620.00000 3030.00000  60.2%  1501 15422s
 542187 330812 3792.28556   55  504 7620.00000 3030.00000  60.2%  1508 15657s
 555155 336373 7500.61755   71  497 7620.00000 3030.00000  60.2%  1508 15853s
 563942 342563 5230.00000   62  414 7620.00000 3030.00000  60.2%  1512 16052s
 572063 346805 5071.63836   57  554 7620.00000 3030.00000  60.2%  1517 16726s
 576941 359182 6429.28723   77  491 7620.00000 3030.00000  60.2%  1519 17120s
 595087 365257 3396.66667   33  448 7620.00000 3030.00000  60.2%  1523 17342s
 602724 375014 5158.04878   68  453 7620.00000 3030.00000  60.2%  1525 17652s
 617083 381586 4030.00000   49  500 7620.00000 3030.00000  60.2%  1529 17886s
 625913 390113 6438.66617   76  483 7620.00000 3030.00000  60.2%  1534 18125s
 636686 397281 4069.93566   61  580 7620.00000 3030.00000  60.2%  1536 18340s
 645223 406282 3585.08130   49  581 7620.00000 3030.00000  60.2%  1541 18592s
 657594 412185 3104.01140   39  597 7620.00000 3030.00000  60.2%  1541 18787s
 666149 418128 6011.39535   53  494 7620.00000 3030.00000  60.2%  1543 18986s
 673980 426685 3319.68598   45  555 7620.00000 3030.00000  60.2%  1546 19204s
 682908 435277 4093.84615   56  476 7620.00000 3030.00000  60.2%  1549 19417s
 694486 440503 6885.88905   73  548 7620.00000 3030.00000  60.2%  1548 19637s
 701365 451626 4036.29630   59  466 7620.00000 3030.00000  60.2%  1550 19962s
 716508 458972 4080.29412   51  522 7620.00000 3030.00000  60.2%  1553 20194s
 719142 458972 3210.39411   46  595 7620.00000 3030.00000  60.2%  1555 20195s
 725297 466594 5458.69907   78  460 7620.00000 3030.00000  60.2%  1558 20433s
 736093 472845 3218.15202   48  533 7620.00000 3030.00000  60.2%  1560 20656s
 745490 479651 5893.64628   72  496 7620.00000 3030.00000  60.2%  1563 20901s
 755970 486012 4032.89076   49  481 7620.00000 3030.00000  60.2%  1566 21123s
 764274 494286 4328.02975   47  562 7620.00000 3030.00000  60.2%  1570 21351s
 775021 500394 3865.00000   48  521 7620.00000 3030.00000  60.2%  1571 21569s
 784449 500394 5050.00000   42  491 7620.00000 3030.00000  60.2%  1573 21570s
 784599 507249 6782.85714   58  449 7620.00000 3030.00000  60.2%  1573 21782s
 792733 515293 6278.61253   84  563 7620.00000 3030.00000  60.2%  1577 22032s
 804615 518021 7485.81634   60  516 7620.00000 3030.00000  60.2%  1578 22196s
 808849 525133 6037.88164   53  561 7620.00000 3030.00000  60.2%  1579 22526s
 819307 531813 4535.00000   48  501 7620.00000 3030.00000  60.2%  1581 22762s
 828410 539050 5355.49715   71  509 7620.00000 3030.00000  60.2%  1584 22997s
 837980 545378 6293.33333   78  537 7620.00000 3030.00000  60.2%  1586 23225s
 846281 545455 4788.02090   66  560 7620.00000 3030.00000  60.2%  1590 23633s
 846363 603891 4310.55422   67  544 7620.00000 3030.00000  60.2%  1590 26705s
 926443 611889 5042.10486   62  496 7620.00000 3030.00000  60.2%  1604 26954s
 928920 611889     cutoff   66      7620.00000 3030.00000  60.2%  1604 26955s
 938039 611953 3030.00000   34  482 7620.00000 3030.00000  60.2%  1604 27394s
 938133 617326 3446.66667   35  533 7620.00000 3030.00000  60.2%  1604 27591s
 946226 620478     cutoff   55      7620.00000 3030.00000  60.2%  1606 27772s
 950310 630303 4044.68616   50  532 7620.00000 3030.00000  60.2%  1608 28040s
 962344 637849 6248.48289   82  416 7620.00000 3030.00000  60.2%  1610 28261s
 972261 645238 5300.00000   55  470 7620.00000 3030.00000  60.2%  1611 28508s
 983153 651324 5676.95345   59  522 7620.00000 3030.00000  60.2%  1612 28713s
 992169 658325     cutoff   60      7620.00000 3030.00000  60.2%  1613 28913s
 1000464 665568     cutoff   69      7620.00000 3030.00000  60.2%  1614 29115s
 1010583 670891 4663.59502   52  498 7620.00000 3030.00000  60.2%  1614 29307s
 1018472 678924     cutoff   40      7620.00000 3030.00000  60.2%  1615 29550s
 1028495 684038 3689.66080   51  599 7620.00000 3030.00000  60.2%  1617 29732s
 1034838 692171 5906.27718   72  514 7620.00000 3030.00000  60.2%  1617 29983s
 1044692 700048     cutoff   63      7620.00000 3030.00000  60.2%  1619 30209s
 1046879 700048 5276.55367   65  527 7620.00000 3030.00000  60.2%  1619 30210s
 1055669 705585 infeasible   50      7620.00000 3030.00000  60.2%  1618 30407s
 1064075 711122 6025.00000   37  538 7620.00000 3030.00000  60.2%  1619 30604s
 1072254 719629 3344.31581   48  539 7620.00000 3030.00000  60.2%  1620 30856s
 1083148 726210 4667.03670   47  538 7620.00000 3030.00000  60.2%  1621 31046s
 1091006 733743 3832.17280   69  479 7620.00000 3030.00000  60.2%  1622 31254s
 1101247 739030 3030.00000   34  460 7620.00000 3030.00000  60.2%  1622 31443s
 1108936 744897 4430.00000   45  473 7620.00000 3030.00000  60.2%  1622 31641s
 1117635 751985 6920.67797   71  502 7620.00000 3030.00000  60.2%  1623 31845s
 1126259 759695     cutoff   60      7620.00000 3030.00000  60.2%  1624 32089s
 1136367 767738 4844.72342   71  558 7620.00000 3030.00000  60.2%  1625 32301s
 1146795 767811 4070.74114   58  538 7620.00000 3030.00000  60.2%  1625 32719s
 1146878 774843 4057.25325   59  503 7620.00000 3030.00000  60.2%  1625 32916s
 1155940 781159 4366.66667   51  538 7620.00000 3030.00000  60.2%  1626 33108s
 1165335 786488 3391.81818   43  533 7620.00000 3030.00000  60.2%  1626 33295s
 1173391 793713 5650.99364   59  482 7620.00000 3030.00000  60.2%  1627 33539s
 1181234 793713 7278.94737   58  467 7620.00000 3030.00000  60.2%  1628 33540s
 1184436 799174     cutoff   79      7620.00000 3030.00000  60.2%  1628 33726s
 1192446 805589 3425.63516   50  618 7620.00000 3030.00000  60.2%  1629 33914s
 1200522 811028 7150.06048   82  500 7620.00000 3030.00000  60.2%  1630 34098s
 1208850 817468 5525.07641   46  511 7620.00000 3030.00000  60.2%  1630 34287s
 1216903 823400 6618.22513   80  471 7620.00000 3030.00000  60.2%  1631 34471s
 1224087 832143 3532.89658   52  533 7620.00000 3030.00000  60.2%  1633 34707s
 1234246 839123 7226.92131   78  466 7620.00000 3030.00000  60.2%  1634 34889s
 1243774 842342 4664.87468   54  508 7620.00000 3030.00000  60.2%  1634 35026s
 1247779 848960 7191.78571   75  480 7620.00000 3030.00000  60.2%  1634 35225s
 1257521 854546 3407.78689   46  506 7620.00000 3030.00000  60.2%  1634 35413s
 1266085 859730 7229.79798   67  479 7620.00000 3030.00000  60.2%  1635 35597s
 1273808 866519 7538.78134   66  463 7620.00000 3030.00000  60.2%  1636 35825s
 1283279 872858 4032.00000   45  548 7620.00000 3030.00000  60.2%  1637 36025s
 1292148 877552 7567.22647   62  460 7620.00000 3030.00000  60.2%  1638 36207s
 1301362 883447 6377.89474   43  524 7620.00000 3030.85930  60.2%  1638 36386s
 1309928 888811 7509.73599   57  545 7620.00000 3030.93750  60.2%  1639 36561s
 1317685 894873 5321.56933   54  502 7620.00000 3031.11111  60.2%  1640 36743s
 1325216 902807 4621.11471   65  502 7620.00000 3031.14419  60.2%  1641 36975s
 1336948 907303 5163.15485   56  470 7620.00000 3031.25000  60.2%  1641 37138s
 1343937 912941 3981.02000   47  505 7620.00000 3031.44335  60.2%  1642 37319s
 1346576 912941 3245.60308   39  596 7620.00000 3031.50000  60.2%  1642 37320s
 1350889 918409 4031.90476   42  563 7620.00000 3031.54083  60.2%  1643 37509s
 1359074 921027 6029.75758   52  481 7620.00000 3031.60714  60.2%  1644 37665s
 1363403 923410 3350.62249   49  465 7620.00000 3031.68502  60.2%  1644 38331s
 1367012 935028 5251.25964   77  516 7620.00000 3031.69400  60.2%  1645 38724s
 1380180 935028 3548.58974   43  504 7620.00000 3031.81818  60.2%  1645 38725s
 1385224 935101 3882.50000   48  480 7620.00000 3032.00000  60.2%  1646 39097s
H1385244 934219                    7610.0000000 3032.00000  60.2%  1646 39097s
 1385309 988551 3882.50000   49  465 7610.00000 3032.00000  60.2%  1646 40844s
 1443367 988551 4595.00000   44  501 7610.00000 3032.22222  60.2%  1648 40848s
 1465389 995388 6674.44448   61  432 7610.00000 3032.92517  60.1%  1649 41077s
 1475969 997699 4030.00000   42  538 7610.00000 3033.33333  60.1%  1649 41219s
 1480208 1004167 4030.00000   48  494 7610.00000 3033.56167  60.1%  1649 41429s
 1490086 1009523 7466.70647   66  495 7610.00000 3033.88889  60.1%  1649 41621s
 1499054 1016527 4630.00000   46  424 7610.00000 3034.03236  60.1%  1649 41810s
 1509031 1021497 4580.28628   46  492 7610.00000 3034.11905  60.1%  1648 41974s
 1517272 1027595 5312.47756   48  609 7610.00000 3034.29954  60.1%  1648 42199s
 1526542 1027595 6253.77206   46  519 7610.00000 3034.51677  60.1%  1649 42200s
 1527189 1033559 5625.00000   51  510 7610.00000 3034.69951  60.1%  1649 42385s
 1535268 1041795 5640.00000   61  407 7610.00000 3035.00000  60.1%  1650 42590s
 1546188 1045208 3327.61905   45  502 7610.00000 3035.00000  60.1%  1649 42749s
 1550698 1052891 7227.36057   60  499 7610.00000 3035.00000  60.1%  1648 42972s
 1561904 1058860 4258.07125   43  540 7610.00000 3035.00000  60.1%  1647 43166s
 1570698 1066774 7595.40167   58  513 7610.00000 3035.00000  60.1%  1646 43402s
 1582103 1073340 4055.00000   43  516 7610.00000 3035.00000  60.1%  1645 43584s
 1582681 1073340 3803.75170   45  515 7610.00000 3035.00000  60.1%  1645 43585s
 1591011 1079515 3530.00000   52  490 7610.00000 3035.00000  60.1%  1644 43759s
 1600183 1085320 5108.57143   55  456 7610.00000 3035.00000  60.1%  1642 43927s
 1608594 1090587 7491.66614   77  496 7610.00000 3035.00000  60.1%  1641 44099s
 1616099 1096524 6730.00000   58  442 7610.00000 3035.00000  60.1%  1640 44277s
 1623605 1096600 5681.49859   75  526 7610.00000 3035.00000  60.1%  1640 44637s
H1623621 1021427                    7110.0000000 3035.00000  57.3%  1640 44638s
 1623689 1076286 5678.08665   76  512 7110.00000 3035.00000  57.3%  1640 46774s
 1630663 1076286 3037.00000   45  529 7110.00000 3035.00000  57.3%  1640 46775s
 1703769 1080220 5155.00000   56  511 7110.00000 3035.83333  57.3%  1640 46974s
 1709777 1086008 4568.47826   42  465 7110.00000 3036.12665  57.3%  1641 47243s
 1718772 1093692 4111.37491   48  565 7110.00000 3036.20748  57.3%  1641 47518s
 1731247 1100249     cutoff   63      7110.00000 3037.00000  57.3%  1642 47741s
 1741628 1100300 6040.00000   38  477 7110.00000 3037.30315  57.3%  1641 49015s
H1741657 1081628                    7040.0000000 3037.30315  56.9%  1641 49016s
 1741728 1086995 6040.00000   39  464 7040.00000 3037.40741  56.9%  1641 49222s
 1750736 1092821 5148.60000   50  520 7040.00000 3037.50000  56.9%  1642 49452s
 1760951 1097518 3360.22122   53  560 7040.00000 3037.89778  56.8%  1642 49629s
 1762615 1097518 4761.22758   63  587 7040.00000 3037.93103  56.8%  1642 49630s
 1768650 1102344 6070.00000   42  473 7040.00000 3037.93103  56.8%  1643 49815s
 1776597 1106974 6708.04348   57  481 7040.00000 3038.75000  56.8%  1643 50002s
 1784236 1112972 4030.00000   49  512 7040.00000 3038.98230  56.8%  1644 50199s
 1792208 1119390 4931.38333   69  550 7040.00000 3039.20024  56.8%  1645 50402s
 1800487 1119450     cutoff   65      7040.00000 3039.53591  56.8%  1645 50848s
H1800493 1111617                    7020.0000000 3039.53591  56.7%  1645 50849s
 1800586 1169140 6586.83539   65  506 7020.00000 3039.58333  56.7%  1645 52844s
 1804590 1169140 4864.82970   63  504 7020.00000 3039.69231  56.7%  1645 52845s
 1880666 1177646 6740.00000   57  410 7020.00000 3040.00000  56.7%  1642 53137s
 1894108 1181113 3143.88889   42  582 7020.00000 3040.00000  56.7%  1641 53330s
 1899969 1188190 6495.00000   51  427 7020.00000 3040.00000  56.7%  1640 53625s
 1911382 1196067 6282.27690   54  561 7020.00000 3040.00000  56.7%  1640 53868s
 1921331 1203596 4734.27422   64  555 7020.00000 3040.00000  56.7%  1641 54110s
 1932258 1212182 6422.91667   60  509 7020.00000 3040.00000  56.7%  1641 54388s
 1943930 1218389 3575.03846   45  533 7020.00000 3040.00000  56.7%  1641 54611s
 1953881 1224456 5963.33944   74  512 7020.00000 3040.00000  56.7%  1642 54838s
 1963619 1232015 5105.94328   46  534 7020.00000 3040.00000  56.7%  1642 55061s
 1974458 1237487 3158.88889   41  542 7020.00000 3040.00000  56.7%  1642 55274s
 1984467 1244457 infeasible   54      7020.00000 3040.00000  56.7%  1642 55542s
 1995879 1248453 5060.00000   46  493 7020.00000 3040.00000  56.7%  1643 55736s
 2001881 1256276 6241.00302   66  506 7020.00000 3040.00000  56.7%  1643 56005s
 2014120 1259336 4063.88691   53  495 7020.00000 3040.00000  56.7%  1643 56437s
 2019361 1264286 4407.91878   54  563 7020.00000 3040.00000  56.7%  1643 56729s
 2019479 1264286     cutoff   68      7020.00000 3040.00000  56.7%  1643 56730s
H2022201 1096636                    6320.0000000 3040.00000  51.9%  1643 56731s
 2026576 1106025 6030.00000   56  476 6320.00000 3040.00000  51.9%  1644 57142s
 2043339 1114054 4348.91473   44  542 6320.00000 3040.00000  51.9%  1645 57431s
 2054397 1118531 5094.93763   73  457 6320.00000 3040.00000  51.9%  1646 57920s
 2061365 1128256 5486.57852   64  537 6320.00000 3040.00000  51.9%  1647 58309s
 2076004 1133313 3359.44910   54  564 6320.00000 3040.00000  51.9%  1650 58586s
 2084703 1142881 4247.60684   42  591 6320.00000 3040.00000  51.9%  1651 58920s
 2097995 1149109 6073.33333   63  399 6320.00000 3040.00000  51.9%  1652 59199s
 2105959 1149109 5490.00000   63  397 6320.00000 3040.00000  51.9%  1652 59200s
 2109223 1154410 6106.63425   53  529 6320.00000 3040.00000  51.9%  1653 59429s
 2119049 1154472 4398.85930   48  577 6320.00000 3040.00000  51.9%  1654 59803s
H2119056 1126594                    6220.0000000 3040.00000  51.1%  1654 59804s
 2119142 1133075 4527.77778   49  541 6220.00000 3040.00000  51.1%  1654 60043s
 2127851 1139559 4956.66667   67  468 6220.00000 3040.00000  51.1%  1655 60288s
 2137696 1144149 3186.02299   50  551 6220.00000 3040.00000  51.1%  1656 60501s
 2144120 1151058 4544.78740   75  530 6220.00000 3040.00000  51.1%  1657 60771s
 2154120 1158135     cutoff   46      6220.00000 3040.00000  51.1%  1658 61028s
 2163819 1165575 4497.30795   61  559 6220.00000 3040.00000  51.1%  1659 61282s
 2173934 1171655 4040.00000   47  508 6220.00000 3040.00000  51.1%  1660 61527s
 2183400 1177547 5708.83467   64  494 6220.00000 3040.00000  51.1%  1662 61776s
 2192001 1183653 4657.56482   61  502 6220.00000 3040.00000  51.1%  1663 62230s
 2200831 1196032 3857.95586   60  567 6220.00000 3040.00000  51.1%  1663 62817s
 2220106 1204083 5630.27189   61  527 6220.00000 3040.00000  51.1%  1666 63134s
 2222116 1204083 3040.00000   47  499 6220.00000 3040.00000  51.1%  1666 63135s
 2233057 1209783 5197.37624   51  487 6220.00000 3040.00000  51.1%  1667 63397s
 2244067 1213480 4633.03813   55  530 6220.00000 3040.00000  51.1%  1668 63618s
 2251945 1218703 5066.27119   64  505 6220.00000 3040.00000  51.1%  1668 64087s
 2261412 1228248 3570.81203   44  498 6220.00000 3040.00000  51.1%  1670 64466s
 2276169 1235163 3290.00000   46  490 6220.00000 3040.00000  51.1%  1671 64746s
 2286598 1241985 infeasible   51      6220.00000 3040.00000  51.1%  1673 64996s
 2297211 1247781 3714.00000   38  557 6220.00000 3040.00000  51.1%  1674 65255s
 2306772 1247979 3127.28205   41  541 6220.00000 3040.00000  51.1%  1675 65429s
 2307003 1254632 4360.83900   42  528 6220.00000 3040.00000  51.1%  1675 66081s
 2315228 1262494 3934.93195   67  548 6220.00000 3040.00000  51.1%  1676 66454s
H2317839 1228613                    6120.0000000 3040.00000  50.3%  1676 66456s
 2329157 1234837 3790.00000   68  460 6120.00000 3040.00000  50.3%  1677 66762s
 2340878 1241731 4082.50444   49  593 6120.00000 3040.00000  50.3%  1678 67022s
 2351123 1247254 4782.50000   46  530 6120.00000 3040.00000  50.3%  1679 67272s
 2361365 1252243 3161.68668   45  583 6120.00000 3040.00000  50.3%  1680 67486s
 2369648 1257566 5700.83150   54  480 6120.00000 3040.00000  50.3%  1681 67709s
 2369894 1257566     cutoff   50      6120.00000 3040.00000  50.3%  1681 67710s
 2379018 1261769 5675.05049   55  499 6120.00000 3040.00000  50.3%  1682 67921s
 2387199 1266648 4842.54811   52  587 6120.00000 3040.00000  50.3%  1683 68133s
 2394776 1271018 3132.67009   44  561 6120.00000 3040.00000  50.3%  1685 68354s
 2402779 1274078     cutoff   64      6120.00000 3040.00000  50.3%  1686 68563s
 2408309 1281969 3254.96345   47  550 6120.00000 3040.00000  50.3%  1687 68932s
 2422354 1287505 5963.30646   63  500 6120.00000 3040.00000  50.3%  1689 69178s
 2432265 1287576 4069.80100   56  549 6120.00000 3040.00000  50.3%  1690 69541s
H2432299 1284457                    6110.0000000 3040.00000  50.2%  1690 69542s
 2432352 1290181 4615.04299   57  593 6110.00000 3040.00000  50.2%  1690 69767s
 2441178 1295537 4250.00000   65  434 6110.00000 3040.00000  50.2%  1691 69992s
 2450442 1300835 3360.31746   47  529 6110.00000 3040.55556  50.2%  1691 70227s
 2459979 1305571 5040.00000   53  510 6110.00000 3040.76923  50.2%  1692 70435s
 2468174 1311719 4000.47980   57  530 6110.00000 3040.97169  50.2%  1693 70755s
 2477481 1318078 3470.00000   41  547 6110.00000 3041.08573  50.2%  1693 70965s
 2486059 1320504 5100.00000   71  467 6110.00000 3041.21622  50.2%  1694 71134s
 2491466 1326370 3235.06096   44  600 6110.00000 3041.25000  50.2%  1694 71371s
 2500620 1333110 3970.55556   56  489 6110.00000 3041.25000  50.2%  1695 71747s
 2510749 1338934 3540.68753   43  543 6110.00000 3041.38889  50.2%  1695 71996s
 2521886 1344497 3282.50000   46  509 6110.00000 3041.77121  50.2%  1695 72208s
 2530514 1349874 6080.49353   70  492 6110.00000 3041.85666  50.2%  1696 72416s
 2539324 1355218 3499.25657   39  590 6110.00000 3042.00000  50.2%  1696 72611s
 2548635 1360988 5580.34813   60  509 6110.00000 3042.05407  50.2%  1696 72846s
 2558920 1365530 4835.00000   45  469 6110.00000 3042.49733  50.2%  1696 73033s
 2566689 1370299 4078.57143   59  477 6110.00000 3042.50000  50.2%  1696 73226s
 2574435 1373692 4102.32610   46  543 6110.00000 3042.69483  50.2%  1697 73646s
 2579117 1382773 4688.49291   69  505 6110.00000 3042.72639  50.2%  1697 73963s
 2592541 1386408 3866.73258   65  531 6110.00000 3043.12500  50.2%  1697 74172s
 2599009 1392072 4302.69392   50  597 6110.00000 3043.27966  50.2%  1698 74415s
 2609245 1396919 5155.83333   53  536 6110.00000 3043.50000  50.2%  1698 74607s
 2616891 1402893 4040.00000   54  490 6110.00000 3043.73803  50.2%  1698 74813s
 2624932 1408215 3420.12408   51  525 6110.00000 3043.82211  50.2%  1699 75019s
 2633372 1408287 3688.86228   45  558 6110.00000 3044.03648  50.2%  1699 75376s
 2633460 1409463 3729.77281   46  598 6110.00000 3044.03648  50.2%  1699 75708s
 2635423 1416191 4048.89503   53  548 6110.00000 3044.04396  50.2%  1699 75987s
 2647257 1421684 4522.50000   40  547 6110.00000 3044.54545  50.2%  1700 76223s
 2657240 1424922 4178.06962   55  537 6110.00000 3045.00000  50.2%  1700 76397s
 2662523 1431119 5289.37500   44  534 6110.00000 3045.00000  50.2%  1700 76641s
 2672733 1437538 3595.00000   37  476 6110.00000 3045.00000  50.2%  1699 76861s
 2682392 1442599 5638.18452   62  507 6110.00000 3045.00000  50.2%  1699 77062s
 2690339 1448923 3713.33333   43  480 6110.00000 3045.00000  50.2%  1699 77264s
 2699469 1455521 5254.38889   68  500 6110.00000 3045.00000  50.2%  1699 77502s
 2708856 1460443 5152.96495   69  508 6110.00000 3045.51339  50.2%  1700 77701s
 2717497 1466331 3570.00000   47  462 6110.00000 3045.75758  50.2%  1700 77897s
 2725304 1471215 5336.72365   69  535 6110.00000 3046.00000  50.1%  1700 78093s
 2733587 1476258 4278.21396   49  548 6110.00000 3046.17284  50.1%  1701 78303s
 2742804 1481272 5255.00000   74  467 6110.00000 3046.33654  50.1%  1701 78490s
 2750351 1484838 4376.66667   64  520 6110.00000 3046.64358  50.1%  1701 78943s
 2758466 1497961 3686.42857   63  462 6110.00000 3046.70922  50.1%  1701 79433s
 2777012 1504813 3305.78035   44  627 6110.00000 3047.00000  50.1%  1701 79719s
 2789254 1511205 4413.41821   53  550 6110.00000 3047.56886  50.1%  1701 79958s
 2798922 1516895 4941.83929   69  469 6110.00000 3047.77778  50.1%  1702 80194s
 2803253 1516895 4751.11111   52  502 6110.00000 3048.04636  50.1%  1702 80195s
 2809074 1521697 5598.33333   64  516 6110.00000 3048.42342  50.1%  1702 80379s
 2817241 1525815 3648.59868   46  585 6110.00000 3048.67855  50.1%  1702 80571s
 2825213 1529555 5166.52350   54  533 6110.00000 3048.89103  50.1%  1702 80762s
 2833517 1534058     cutoff   60      6110.00000 3049.28644  50.1%  1703 80945s
 2841007 1534138 5067.50000   50  475 6110.00000 3050.00000  50.1%  1703 81321s
 2841087 1540932 5040.00000   51  432 6110.00000 3050.00000  50.1%  1703 81551s
 2851639 1543940 3335.55556   41  461 6110.00000 3050.00000  50.1%  1702 81966s
 2856640 1567874 3137.09671   51  501 6110.00000 3050.00000  50.1%  1702 82882s
 2896120 1574389 3329.44444   35  488 6110.00000 3050.00000  50.1%  1702 83111s
 2905469 1580690 5117.57496   57  465 6110.00000 3050.00000  50.1%  1703 83343s
 2915233 1585275 5582.00000   44  473 6110.00000 3051.00000  50.1%  1703 83541s
 2923587 1590962 5094.34343   55  518 6110.00000 3051.11111  50.1%  1703 83737s
 2932031 1593539 5473.61276   65  531 6110.00000 3051.66667  50.1%  1703 83893s
 2936476 1598904 4754.44444   46  543 6110.00000 3051.82204  50.1%  1703 84119s
 2939970 1598904 3168.33843   36  515 6110.00000 3052.00000  50.0%  1703 84120s
 2946060 1604331 5397.29480   68  494 6110.00000 3052.30769  50.0%  1704 84322s
 2954606 1609636 5344.28571   49  458 6110.00000 3052.96919  50.0%  1704 84547s
 2965171 1613522 4636.00000   46  547 6110.00000 3053.33333  50.0%  1704 84725s
 2972913 1619136     cutoff   74      6110.00000 3054.00000  50.0%  1704 84911s
 2980388 1622933 5244.42963   37  496 6110.00000 3054.33333  50.0%  1705 85519s
 2987150 1632944     cutoff   68      6110.00000 3054.53598  50.0%  1705 85863s
 3003108 1640026 4312.40541   54  516 6110.00000 3055.00000  50.0%  1704 86096s
 3012894 1644777 4315.91578   45  526 6110.00000 3055.08946  50.0%  1704 86298s
 3021332 1647675 4277.07044   54  561 6110.00000 3055.46109  50.0%  1705 86459s
 3025261 1654275 3864.88288   60  560 6110.00000 3056.00000  50.0%  1705 86692s
 3035739 1654329 3562.23846   54  558 6110.00000 3056.11111  50.0%  1705 87036s
 3035844 1659774 4178.61094   55  582 6110.00000 3056.17284  50.0%  1705 87247s
 3045214 1664290 5478.57143   43  475 6110.00000 3056.86567  50.0%  1705 87443s
 3053441 1669858 5687.18285   57  549 6110.00000 3057.23529  50.0%  1705 87675s
 3063549 1674095 5530.82353   48  502 6110.00000 3057.62027  50.0%  1705 87862s
 3071611 1677868 5530.31856   53  526 6110.00000 3058.00000  50.0%  1706 88049s
 3079385 1682179 3064.34854   40  566 6110.00000 3058.00000  50.0%  1706 88239s
 3088619 1686022     cutoff   66      6110.00000 3058.08294  49.9%  1706 88417s
 3095557 1691649 4148.64180   51  624 6110.00000 3059.83765  49.9%  1706 88623s
 3104996 1697111 4851.91664   48  529 6110.00000 3060.00000  49.9%  1706 88859s
 3105239 1697111 4469.73958   53  533 6110.00000 3060.00000  49.9%  1706 88860s
 3115973 1699438 3336.79503   47  575 6110.00000 3060.00000  49.9%  1706 89018s
 3120247 1704933 5807.13675   61  534 6110.00000 3060.00000  49.9%  1705 89234s
 3126939 1704933 3162.97382   44  466 6110.00000 3060.00000  49.9%  1705 89235s
 3129510 1709603 4033.00813   40  491 6110.00000 3060.00000  49.9%  1705 89437s
 3138258 1715513 4775.33754   60  524 6110.00000 3060.00000  49.9%  1705 89642s
 3146383 1721924 4042.59740   57  482 6110.00000 3060.00000  49.9%  1706 89838s
 3156083 1726906 3943.24144   52  553 6110.00000 3060.00000  49.9%  1705 90081s
 3166081 1731016 3946.55614   54  570 6110.00000 3060.00000  49.9%  1706 90275s
 3174035 1734616 5726.05072   66  466 6110.00000 3060.00000  49.9%  1706 90654s
 3180910 1743243 4207.08333   58  502 6110.00000 3060.00000  49.9%  1706 90935s
 3193574 1748886 4048.29656   60  562 6110.00000 3063.33333  49.9%  1706 91159s
 3204143 1755316 3132.00000   42  510 6110.00000 3063.33333  49.9%  1706 91401s
 3214591 1757814 4130.00000   49  401 6110.00000 3063.33333  49.9%  1706 91557s
 3218445 1762762     cutoff   75      6110.00000 3063.72635  49.9%  1706 91781s
 3227716 1768400 5217.30616   47  600 6110.00000 3064.10526  49.9%  1707 91994s
 3229223 1768400 5655.00000   55  439 6110.00000 3064.10526  49.9%  1707 91995s
 3236300 1773631 3985.00000   53  457 6110.00000 3064.10526  49.9%  1707 92202s
 3245186 1778150 4545.21880   55  568 6110.00000 3065.00000  49.8%  1707 92399s
 3253436 1782863 3759.24242   51  575 6110.00000 3065.79757  49.8%  1707 92628s
 3263770 1787210 6060.60292   53  521 6110.00000 3066.68519  49.8%  1707 92818s
 3271392 1787268 4175.89850   56  514 6110.00000 3066.87500  49.8%  1708 93166s
 3271493 1791963 5583.33333   56  519 6110.00000 3066.87500  49.8%  1708 93361s
 3280188 1797424 4226.66502   64  525 6110.00000 3067.99610  49.8%  1708 93980s
 3287729 1805132 3630.00000   41  465 6110.00000 3068.44220  49.8%  1708 94329s
 3303527 1809541 4154.39269   47  530 6110.00000 3069.31291  49.8%  1708 94539s
 3309827 1817397     cutoff   68      6110.00000 3069.52607  49.8%  1708 94844s
 3323141 1823180 5575.12821   67  523 6110.00000 3070.00000  49.8%  1707 95063s
 3332647 1829040 5000.98111   56  506 6110.00000 3070.30794  49.7%  1707 95260s
 3341027 1833894 5685.67521   65  520 6110.00000 3070.90909  49.7%  1708 95450s
 3350471 1839394 5691.00000   45  482 6110.00000 3071.44460  49.7%  1707 95683s
 3360484 1844979 4767.93080   59  532 6110.00000 3072.26142  49.7%  1708 95869s
 3368566 1850285 4831.42857   63  459 6110.00000 3072.38889  49.7%  1708 96059s
 3377190 1855068 4607.66979   62  449 6110.00000 3072.85714  49.7%  1708 96247s
 3385273 1859431 4855.81053   37  547 6110.00000 3073.02216  49.7%  1708 96433s
 3393234 1861776 3626.26010   52  571 6110.00000 3073.74954  49.7%  1708 96586s
 3397421 1868371     cutoff   68      6110.00000 3074.04846  49.7%  1708 96822s
 3407245 1873640 5096.66667   63  447 6110.00000 3074.04846  49.7%  1708 97014s
 3415958 1877984 infeasible   54      6110.00000 3075.00000  49.7%  1708 97198s
 3423884 1882757 infeasible   68      6110.00000 3075.45601  49.7%  1708 97386s
 3431674 1888131 3853.29909   61  513 6110.00000 3076.06771  49.7%  1708 97579s
 3440103 1892637 5413.98058   50  515 6110.00000 3076.26087  49.7%  1709 97763s
 3448328 1895969 5604.72156   58  486 6110.00000 3076.66667  49.6%  1709 98422s
 3453484 1927863 5388.60000   47  490 6110.00000 3076.94334  49.6%  1709 99592s
 3494896 1927863 4625.05403   52  525 6110.00000 3077.27314  49.6%  1709 99595s
 3505880 1927924     cutoff   46      6110.00000 3079.49451  49.6%  1709 99960s
 3505977 1976968 3757.87879   40  534 6110.00000 3079.51923  49.6%  1709 101899s
 3533004 1976968     cutoff   53      6110.00000 3079.83210  49.6%  1710 101901s
 3586057 1982612     cutoff   52      6110.00000 3082.56409  49.5%  1710 102140s
 3596886 1984249 5049.18367   63  471 6110.00000 3084.25300  49.5%  1710 102285s
 3600392 1984305     cutoff   61      6110.00000 3084.69108  49.5%  1710 102658s
 3600492 1990154 5272.85714   61  431 6110.00000 3084.73814  49.5%  1710 102884s
 3610330 1996108     cutoff   69      6110.00000 3085.00000  49.5%  1710 103091s
 3619434 2000609 5064.41226   64  501 6110.00000 3085.09655  49.5%  1710 103287s
 3627786 2005165 4080.00000   39  407 6110.00000 3085.69892  49.5%  1710 103480s
 3636236 2011559 4182.63158   39  474 6110.00000 3086.66667  49.5%  1710 103712s
 3645949 2012539 4496.66667   54  513 6110.00000 3087.00717  49.5%  1711 104059s
 3647231 2019434 4888.63636   59  484 6110.00000 3087.00717  49.5%  1711 104283s

Cutting planes:
  Gomory: 2
  Cover: 40
  Clique: 100
  MIR: 67
  StrongCG: 2
  Flow cover: 58
  GUB cover: 1
  Inf proof: 3
  Zero half: 106
  RLT: 648
  BQP: 24

Explored 3658407 nodes (6259476192 simplex iterations) in 104284.63 seconds (68766.45 work units)
Thread count was 80 (of 140 available processors)

Solution count 10: 6110 6120 6220 ... 8050

Solve interrupted
Best objective 6.110000000000e+03, best bound 3.090000000000e+03, gap 49.4272%

Gurobi 11.0.3 (linux64, Matlab) logging started Sun 06 Oct 2024 12:56:48 AM EDT

Set parameter Username
Set parameter Method to value 3
Set parameter MIPFocus to value 1
Set parameter LogFile to value "runs/PIONEER25_All_Teams_1/logfile1.txt"
Set parameter Threads to value 80
Academic license - for non-commercial use only - expires 2025-03-10
Gurobi Optimizer version 11.0.3 build v11.0.3rc0 (linux64 - "Red Hat Enterprise Linux 9.4 (Plow)")

CPU model: Intel(R) Xeon(R) CPU E5-4650 v2 @ 2.40GHz, instruction set [SSE2|AVX]
Thread count: 70 physical cores, 140 logical processors, using up to 80 threads

Optimize a model with 17803 rows, 32727 columns and 86900 nonzeros
Model fingerprint: 0x1981d5c6
Variable types: 0 continuous, 32727 integer (32727 binary)
Coefficient statistics:
  Matrix range     [1e+00, 1e+01]
  Objective range  [1e+01, 4e+05]
  Bounds range     [1e+00, 1e+00]
  RHS range        [1e+00, 5e+01]
Presolve removed 1320 rows and 14204 columns
Presolve time: 0.19s
Presolved: 16483 rows, 18523 columns, 64659 nonzeros
Variable types: 0 continuous, 18523 integer (17320 binary)
Concurrent LP optimizer: primal simplex, dual simplex, and barrier
Showing barrier log only...

Root barrier log...

Ordering time: 0.34s

Barrier statistics:
 AA' NZ     : 2.775e+05
 Factor NZ  : 2.890e+06 (roughly 35 MB of memory)
 Factor Ops : 9.881e+08 (less than 1 second per iteration)
 Threads    : 77

                  Objective                Residual
Iter       Primal          Dual         Primal    Dual     Compl     Time
   0   4.89593665e+09 -1.50359910e+10  7.51e+01 4.81e+03  6.57e+06     1s
   1   1.99708956e+09 -2.00122259e+10  2.18e+01 2.20e+05  2.05e+06     1s
   2   4.55320622e+08 -1.10525863e+10  8.39e-01 2.17e-08  3.08e+05     1s
   3   9.96325205e+07 -8.87624183e+08  4.50e-03 4.66e-10  2.37e+04     1s
   4   4.48902980e+07 -2.46052175e+08  1.12e-03 2.33e-10  6.98e+03     1s
   5   2.43608553e+07 -1.00239083e+08  4.25e-04 2.33e-10  2.99e+03     1s
   6   5.49398931e+06 -2.77965318e+07  4.21e-05 3.49e-10  7.98e+02     1s
   7   2.39298467e+06 -8.68431622e+06  1.08e-05 2.33e-10  2.66e+02     1s
   8   2.73847679e+05 -6.68179353e+05  2.61e-07 3.49e-10  2.26e+01     1s
   9   1.66133298e+05 -3.12361052e+05  1.54e-07 2.33e-10  1.15e+01     2s
  10   5.52504801e+04 -1.69665515e+05  4.63e-08 2.33e-10  5.39e+00     2s
  11   2.98942365e+04 -6.15607957e+04  2.38e-08 2.33e-10  2.19e+00     2s
  12   1.23803953e+04 -8.10234683e+03  8.28e-09 2.33e-10  4.91e-01     2s
  13   6.08884858e+03 -4.15516082e+03  2.97e-09 2.33e-10  2.46e-01     2s

Barrier performed 13 iterations in 1.85 seconds (0.48 work units)
Barrier solve interrupted - model solved by another algorithm


Solved with dual simplex

Use crossover to convert LP symmetric solution to basic solution...

Root relaxation: objective 2.268654e+03, 4762 iterations, 1.87 seconds (0.96 work units)
Total elapsed time = 6.11s (DegenMoves)

    Nodes    |    Current Node    |     Objective Bounds      |     Work
 Expl Unexpl |  Obj  Depth IntInf | Incumbent    BestBd   Gap | It/Node Time

     0     0 2268.65385    0  548          - 2268.65385      -     -   10s
H    0     0                    1894640.0000 2268.65385   100%     -   10s
H    0     0                    1515140.0000 2268.65385   100%     -   10s
     0     0 2530.00000    0  662 1515140.00 2530.00000   100%     -   15s
H    0     0                    991030.00000 2530.00000   100%     -   28s
     0     0 2530.00000    0  656 991030.000 2530.00000   100%     -   30s
     0     0 2736.60553    0  683 991030.000 2736.60553   100%     -   35s
H    0     0                    972030.00000 2736.60553   100%     -   35s
     0     0 2754.50920    0  679 972030.000 2754.50920   100%     -   36s
     0     0 2759.10768    0  688 972030.000 2759.10768   100%     -   37s
     0     0 2759.44239    0  696 972030.000 2759.44239   100%     -   37s
     0     0 2759.58338    0  679 972030.000 2759.58338   100%     -   38s
     0     0 2759.58338    0  673 972030.000 2759.58338   100%     -   38s
     0     0 2996.82967    0  714 972030.000 2996.82967   100%     -   41s
     0     0 3146.30641    0  699 972030.000 3146.30641   100%     -   43s
     0     0 3161.98370    0  711 972030.000 3161.98370   100%     -   44s
     0     0 3166.35190    0  708 972030.000 3166.35190   100%     -   44s
     0     0 3168.50526    0  686 972030.000 3168.50526   100%     -   45s
     0     0 3169.14768    0  690 972030.000 3169.14768   100%     -   45s
     0     0 3169.15611    0  666 972030.000 3169.15611   100%     -   45s
     0     0 3837.84073    0  712 972030.000 3837.84073   100%     -   48s
     0     0 4165.96192    0  723 972030.000 4165.96192   100%     -   50s
     0     0 4211.89209    0  749 972030.000 4211.89209   100%     -   51s
     0     0 4229.16632    0  738 972030.000 4229.16632   100%     -   52s
     0     0 4229.37442    0  750 972030.000 4229.37442   100%     -   53s
     0     0 4229.47480    0  733 972030.000 4229.47480   100%     -   53s
     0     0 4686.66971    0  696 972030.000 4686.66971   100%     -   57s
H    0     0                    923030.00000 4689.14494  99.5%     -   62s
     0     2 4689.14494    0  691 923030.000 4689.14494  99.5%     -   65s
H    1     4                    901530.00000 4689.14494  99.5%  3765  125s
H    2     4                    899530.00000 4689.14494  99.5%  2677  125s
     3     8 5090.70342    2  716 899530.000 4754.28618  99.5%  3023  130s
    15    32 6753.37535    4  759 899530.000 5308.11688  99.4%  2826  135s
    31    64 7222.68781    5  753 899530.000 5488.53423  99.4%  2929  200s
H   32    64                    899520.00000 5488.53423  99.4%  2838  200s
H   34    64                    889530.00000 5492.24353  99.4%  2821  200s
H   56    64                    872530.00000 5598.56746  99.4%  2886  200s
    63   128 7405.86076    6  730 872530.000 5598.56746  99.4%  2985  205s
   127   208 9548.35525    7  740 872530.000 5753.79843  99.3%  3079  213s
H  135   208                    863530.00000 5753.79843  99.3%  3034  213s
H  151   208                    493530.00000 5790.46503  98.8%  2920  213s
   207   288 9632.73632    8  731 493530.000 5790.46503  98.8%  2871  217s
H  287   368                    86350.000000 5790.46503  93.3%  2843  256s
H  288   368                    78650.000000 5790.46503  92.6%  2844  256s
H  289   368                    57850.000000 5790.46503  90.0%  2851  256s
H  296   368                    46030.000000 5790.46503  87.4%  2856  256s
   367   448 10001.5812    9  725 46030.0000 5790.46503  87.4%  2853  262s
   447   540 10475.2798    9  770 46030.0000 5790.46503  87.4%  2777  266s
   539   635 10270.8671   10  747 46030.0000 5790.46503  87.4%  2782  270s
   733   834 11131.9317   11  703 46030.0000 5790.46503  87.4%  2742  277s
   833   939 10883.2240   11  691 46030.0000 5790.46503  87.4%  2714  281s
   938  1054 11209.2203   12  689 46030.0000 5790.46503  87.4%  2695  286s
  1053  1171 11402.8657   12  679 46030.0000 5790.46503  87.4%  2680  290s
  1307  1446 11527.3710   14  683 46030.0000 5790.46503  87.4%  2624  298s
H 1309  1446                    44830.000000 5790.46503  87.1%  2624  298s
  1445  1589 11541.4275   15  668 44830.0000 5790.46503  87.1%  2592  302s
  1588  1742 11668.3384   16  697 44830.0000 5790.46503  87.1%  2573  307s
  1741  1912 12089.8682   16  673 44830.0000 5790.46503  87.1%  2541  312s
  1911  2100 11726.7096   17  739 44830.0000 5790.46503  87.1%  2505  317s
  2099  2305 12213.1703   17  676 44830.0000 5790.46503  87.1%  2465  322s
H 2100  2305                    44730.000000 5790.46503  87.1%  2464  322s
H 2118  2305                    43830.000000 5790.46503  86.8%  2473  322s
  2304  2523 11996.1928   18  703 43830.0000 5790.46503  86.8%  2421  327s
  2522  2776 12602.5127   19  661 43830.0000 5790.46503  86.8%  2373  332s
  2775  3031 12144.9927   20  688 43830.0000 5790.46503  86.8%  2312  337s
H 3036  3256                    40840.000000 5790.46503  85.8%  2257  362s
H 3038  3256                    40740.000000 5790.46503  85.8%  2258  362s
  3265  3571 12278.8347   21  746 40740.0000 5790.46503  85.8%  2219  368s
  3592  3920 13381.2506   22  718 40740.0000 5790.46503  85.8%  2158  373s
  3958  4317 12479.0545   23  684 40740.0000 5790.46503  85.8%  2087  379s
  4366  4640 12672.9048   24  768 40740.0000 5790.46503  85.8%  2018  388s
H 4383  4640                    39740.000000 5790.46503  85.4%  2019  388s
H 4389  4640                    38740.000000 5790.46503  85.1%  2019  388s
  4737  4955 13043.4348   25  753 38740.0000 5790.46503  85.1%  1958  395s
  5190  5286 12863.8962   27  683 38740.0000 5790.46503  85.1%  1897  403s
H 5496  5253                    37740.000000 5790.46503  84.7%  1865  403s
H 5630  4943                    33570.000000 5790.46503  82.8%  1848 1442s
H 5631  4566                    28920.000000 5790.46503  80.0%  1848 1442s
H 5633  4457                    27630.000000 5790.46503  79.0%  1849 1442s
H 5637  4411                    19960.000000 5790.46503  71.0%  1850 1442s
  5729  4386 13079.7837   29  695 19960.0000 5790.46503  71.0%  1845 1524s
H 5822  4386                    18960.000000 5790.46503  69.5%  1840 1524s
  5861  4419 13281.0571   29  677 18960.0000 5790.46503  69.5%  1840 1961s
  5944  4681 13190.4858   30  682 18960.0000 5790.46503  69.5%  1846 1970s
  6262  4772 13387.1345   32  670 18960.0000 5790.46503  69.5%  1868 1979s
  6607  4849 14074.1612   34  660 18960.0000 5790.46503  69.5%  1884 1987s
  6974  4881 14719.7390   36  636 18960.0000 5790.46503  69.5%  1897 2053s
  7276  5306 14867.8169   38  644 18960.0000 5790.46503  69.5%  1903 2063s
  7766  5787 15615.3107   40  676 18960.0000 5790.46503  69.5%  1901 2076s
  8329  6283 16032.6851   43  635 18960.0000 5790.46503  69.5%  1891 2089s
  8653  6283 7802.18394   14  712 18960.0000 5790.46503  69.5%  1882 2090s
  8931  6776 17869.4932   46  609 18960.0000 5790.46503  69.5%  1878 2106s
  9565  7282 18849.4280   50  646 18960.0000 6046.35534  68.1%  1863 2118s
 10190  7283 18713.0924   52  696 18960.0000 6047.85997  68.1%  1854 2139s
 10192  7284 8169.68267   11  538 18960.0000 6047.85997  68.1%  1854 2189s
 10193  7285 12101.3366   42  696 18960.0000 6047.85997  68.1%  1854 2192s
 10194  7286 16168.9790   32  721 18960.0000 6047.85997  68.1%  1853 2197s
 10195  7286 14192.6668   40  708 18960.0000 6047.85997  68.1%  1853 2201s
 10197  7288 9837.18829   47  744 18960.0000 6047.85997  68.1%  1853 2205s
 10201  7290 7707.35714    8  770 18960.0000 6047.85997  68.1%  1852 2328s
 10202  7291 14486.3825   49  777 18960.0000 6047.85997  68.1%  1852 2330s
 10206  7294 13371.8846   61  781 18960.0000 6047.85997  68.1%  1851 2472s
 10207  7294 13124.9201   30  792 18960.0000 6058.58376  68.0%  1851 2478s
 10210  7296 10686.6604   31  811 18960.0000 6124.58517  67.7%  1850 2581s
 10212  7298 7113.11316   18  824 18960.0000 6282.13533  66.9%  1850 2585s
 10213  7298 13073.8682   51  811 18960.0000 6287.56121  66.8%  1850 2713s
 10214  7299 12255.4901   19  866 18960.0000 6474.94839  65.8%  1850 2716s
 10215  7300 11242.1637   14  866 18960.0000 6475.04838  65.8%  1850 2728s
 10216  7303 6588.14438   14  775 18960.0000 6475.72923  65.8%  1858 2830s
 10220  7306 6756.35807   15  841 18960.0000 6588.37983  65.3%  1858 2835s
 10222  7313 6830.03565   16  824 18960.0000 6749.59562  64.4%  1859 2841s
 10230  7327 7122.33043   17  879 18960.0000 6797.15905  64.2%  1860 2845s
 10246  7353 7428.39527   18  834 18960.0000 7054.95773  62.8%  1864 2898s
 10278  7407 8386.19464   19  896 18960.0000 7161.68272  62.2%  1874 2908s
 10342  7465 9641.15327   20  852 18960.0000 7350.80439  61.2%  1885 3344s
 10422  7519 9870.93813   21  813 18960.0000 7354.55316  61.2%  1899 3349s
 10423  7518 8376.67209   21  819 18960.0000 7354.55316  61.2%  1899 3350s
 10502  7572 10245.0752   21  899 18960.0000 7374.10806  61.1%  1911 3423s
 10582  7625 10173.0005   22  786 18960.0000 7374.10806  61.1%  1924 4221s
H10622  7246                    18950.000000 7374.10806  61.1%  1930 4221s
 10662  7393 10550.8526   22  807 18950.0000 7374.10806  61.1%  1937 4231s
 10822  7418 10466.8777   23  800 18950.0000 7374.10806  61.1%  1962 4279s
 10903  7470 10373.4742   24  862 18950.0000 7374.10806  61.1%  1973 4366s
 10984  7594 10713.0717   24  793 18950.0000 7374.10806  61.1%  1985 4376s
 11144  7774 10521.4562   25  838 18950.0000 7374.10806  61.1%  2008 4387s
 11379  7923 11033.0923   27  825 18950.0000 7374.10806  61.1%  2036 4399s
 11611  8104 11183.0774   28  804 18950.0000 7374.10806  61.1%  2053 4410s
 11884  8304 11598.4797   29  838 18950.0000 7374.10806  61.1%  2070 4422s
 12190  8477 11774.5520   30  831 18950.0000 7374.10806  61.1%  2082 4432s
 12503  8647 11861.3568   31  797 18950.0000 7374.10806  61.1%  2088 4443s
 12860  8800 11505.9796   33  811 18950.0000 7374.10806  61.1%  2084 4458s
 13235  8873 11722.7202   35  782 18950.0000 7374.10806  61.1%  2080 4470s
 13611  8959 11872.8517   37  728 18950.0000 7374.10806  61.1%  2076 4482s
 13936  9096 12487.6070   40  737 18950.0000 7374.10806  61.1%  2081 4494s
 14248  9253 13030.5020   43  727 18950.0000 7374.10806  61.1%  2093 4507s
 14573  9416 13380.4032   45  760 18950.0000 7374.10806  61.1%  2105 4520s
 14898  9619 13709.2138   47  718 18950.0000 7374.10806  61.1%  2118 4540s
 15262  9893 14276.1796   50  720 18950.0000 7374.10806  61.1%  2126 4552s
 15678 10130 14697.6758   54  700 18950.0000 7374.10806  61.1%  2133 4566s
 16166 10358 16035.1570   57  674 18950.0000 7374.10806  61.1%  2132 4582s
 16659 10591 16441.6865   61  643 18950.0000 7374.10806  61.1%  2134 4595s
 17171 10816 16768.0639   65  675 18950.0000 7374.10806  61.1%  2134 4618s
 17675 11047 17691.6513   69  687 18950.0000 7374.10806  61.1%  2138 4646s
 18190 11336     cutoff   74      18950.0000 7398.56705  61.0%  2139 4665s
 18718 11656 7798.02422   22  802 18950.0000 7503.18943  60.4%  2141 4683s
 19320 11931 9989.05889   27  766 18950.0000 7503.18943  60.4%  2140 4701s
 19975 12195 10682.2682   32  788 18950.0000 7503.18943  60.4%  2136 4717s
 20590 12535 12661.4190   40  722 18950.0000 7503.18943  60.4%  2135 4737s
 21267 12880 17528.4074   51  611 18950.0000 7563.89738  60.1%  2135 4757s
 22013 13134 7974.20864   22  870 18950.0000 7563.89738  60.1%  2132 4774s
 22677 13527 9044.84805   26  772 18950.0000 7563.89738  60.1%  2134 4794s
 23388 13992 9828.37370   31  779 18950.0000 7563.89738  60.1%  2137 4813s
 24217 14424 11311.8930   40  700 18950.0000 7563.89738  60.1%  2132 4835s
 25152 14816     cutoff   48      18950.0000 7664.97750  59.6%  2123 4855s
 26039 15210 8818.57954   23  797 18950.0000 7664.97750  59.6%  2118 4878s
 26950 15733 9498.06807   28  699 18950.0000 7664.97750  59.6%  2111 4899s
 27917 16126 10986.9408   34  701 18950.0000 7664.97750  59.6%  2104 4925s
 28837 16731 13698.3875   44  678 18950.0000 7724.33208  59.2%  2091 4952s
 29990 17051 8013.57137   23  860 18950.0000 7724.33208  59.2%  2079 4984s
 31003 17389 9173.09073   27  687 18950.0000 7724.33208  59.2%  2075 5010s
 31983 17992 9259.06478   29  635 18950.0000 7724.33208  59.2%  2074 5039s
 32790 18705 9940.24837   31  802 18950.0000 7724.33208  59.2%  2082 5064s
 33556 19611 12171.9840   35  671 18950.0000 7724.33208  59.2%  2094 5091s
 34529 20512 11797.8134   38  634 18950.0000 7724.33208  59.2%  2098 5119s
 35614 21428 16114.5649   46  576 18950.0000 7724.33208  59.2%  2100 5151s
 36657 22409 18563.9799   53  640 18950.0000 7763.82261  59.0%  2108 5182s
 37837 23507 8381.79640   23  718 18950.0000 7763.82261  59.0%  2111 5216s
 39098 24640 10073.2315   32  725 18950.0000 7763.82261  59.0%  2114 5253s
 40443 25962 14892.3017   44  702 18950.0000 7921.73469  58.2%  2113 5288s
 42000 27275 8363.53903   25  801 18950.0000 7921.73469  58.2%  2107 5328s
 43563 28700 12327.5673   37  715 18950.0000 7921.73469  58.2%  2103 5365s
 45286 30019 17713.9289   57  637 18950.0000 7973.64087  57.9%  2094 5403s
 46989 33652 11055.5491   32  692 18950.0000 8032.86211  57.6%  2087 5522s
 51497 35034 14846.4270   45  706 18950.0000 8067.59830  57.4%  2088 5564s
 53223 36490     cutoff   68      18950.0000 8084.77320  57.3%  2086 5610s
 54980 38212 9358.41886   30  705 18950.0000 8092.39017  57.3%  2088 5809s
 56731 40307 12538.1225   36  664 18950.0000 8092.39017  57.3%  2092 5860s
 58875 42614 14232.6892   42  545 18950.0000 8092.39017  57.3%  2093 5911s
 61408 45119 15150.0000   51  485 18950.0000 8176.63242  56.9%  2084 5970s
 64298 47465 9945.09030   27  806 18950.0000 8176.63242  56.9%  2069 6023s
 67172 49667 10170.4997   34  847 18950.0000 8176.63242  56.9%  2053 6083s
 70046 51663 15043.6833   55  664 18950.0000 8305.26856  56.2%  2037 6134s
 72644 53475 10100.4820   30  696 18950.0000 8305.26856  56.2%  2027 6187s
 75175 55170     cutoff   55      18950.0000 8385.99877  55.7%  2019 6246s
 77582 56772 10724.2089   33  768 18950.0000 8474.05774  55.3%  2018 6305s
 79945 58481 9342.52550   25  835 18950.0000 8566.04744  54.8%  2020 6367s
 82393 60148 16767.7793   50  594 18950.0000 8568.94214  54.8%  2023 6435s
 84935 62250 14797.9557   47  667 18950.0000 8606.32410  54.6%  2026 6509s
 87800 64464 9511.67755   31  759 18950.0000 8626.65935  54.5%  2029 6582s
 90263 67516 10374.7125   40  762 18950.0000 8626.65935  54.5%  2040 6664s
 93631 74972 12191.8543   53  703 18950.0000 8628.64445  54.5%  2044 6825s
 102396 77266 9581.52612   33  793 18950.0000 8647.53842  54.4%  2014 6895s
 105442 79499 9802.73495   28  786 18950.0000 8667.06913  54.3%  2012 6968s
 108294 82550 9499.66812   29  736 18950.0000 8672.67435  54.2%  2016 7049s
 111590 85926 10917.7273   36  631 18950.0000 8672.67435  54.2%  2021 7139s
 115916 89082 15166.0468   42  699 18950.0000 8712.28115  54.0%  2014 7362s
 120192 92299 11625.3610   37  762 18950.0000 8739.78731  53.9%  2007 7462s
 124451 95025 12596.1724   41  722 18950.0000 8791.45192  53.6%  2002 7563s
 128420 98518 13752.1736   38  564 18950.0000 8805.33182  53.5%  2007 7674s
 133201 102333 15147.6256   61  613 18950.0000 8825.19803  53.4%  2005 7789s
 134853 102333 12166.9921   50  635 18950.0000 8825.95109  53.4%  2005 7790s
 138064 107006 9504.79740   28  769 18950.0000 8827.18882  53.4%  2004 7913s
 143857 114344 11598.6096   32  715 18950.0000 8833.18000  53.4%  1999 8114s
 153476 117381 10974.1382   45  641 18950.0000 8874.43682  53.2%  1987 8238s
 158947 121130 18506.7629   57  672 18950.0000 8897.74715  53.0%  1984 8366s
 165125 123222 10525.2021   33  590 18950.0000 8913.02509  53.0%  1977 8828s
 167913 130312     cutoff   51      18950.0000 8915.25247  53.0%  1978 9056s
 177745 135643 18140.8742   50  613 18950.0000 8951.16375  52.8%  1978 9249s
 185344 138847 11877.4924   36  675 18950.0000 8964.55346  52.7%  1977 9415s
 189804 148173 14938.6217   50  661 18950.0000 8987.34693  52.6%  1977 9682s
 201065 157672 15454.6833   60  654 18950.0000 9008.29659  52.5%  1981 9873s
 211957 163166 14190.5519   48  623 18950.0000 9008.64346  52.5%  1965 10035s
 219325 168292 14858.1955   49  645 18950.0000 9021.88232  52.4%  1963 10203s
 226056 171202 10471.8187   31  743 18950.0000 9028.52806  52.4%  1967 10554s
 230172 180343 11086.8850   48  662 18950.0000 9039.39433  52.3%  1968 10859s
 232722 180343 16221.3283   54  667 18950.0000 9047.24909  52.3%  1967 10860s
 244412 189313 18768.8856   63  589 18950.0000 9068.97485  52.1%  1960 11141s
 257523 194888 17471.8704   54  592 18950.0000 9095.28629  52.0%  1956 11319s
 265404 199530 13635.7408   48  680 18950.0000 9111.30731  51.9%  1956 11499s
 274096 207177 10838.7048   38  702 18950.0000 9120.46014  51.9%  1951 11671s
 283124 213159 9608.40958   32  665 18950.0000 9120.63883  51.9%  1946 11833s
 290572 219108 11678.0299   52  591 18950.0000 9125.02321  51.8%  1946 12067s
 298567 227702 14916.0434   46  720 18950.0000 9139.01615  51.8%  1944 12337s
 311474 233278 11243.9240   31  723 18950.0000 9164.84429  51.6%  1939 12531s
 320540 239301 11653.9708   34  704 18950.0000 9177.63875  51.6%  1939 12721s
 328721 239376 9807.78175   29  773 18950.0000 9184.84895  51.5%  1941 13667s
 328806 245571 9885.96309   30  748 18950.0000 9185.86917  51.5%  1941 13865s
 337451 254306 10181.3556   36  719 18950.0000 9199.55335  51.5%  1942 14147s
 349237 260389 11909.6240   40  643 18950.0000 9212.38565  51.4%  1946 14343s
 357950 266321 17474.7317   60  637 18950.0000 9222.96366  51.3%  1946 14542s
 366469 269070 13726.8831   40  765 18950.0000 9234.08438  51.3%  1945 14696s
 369840 278390     cutoff   56      18950.0000 9234.13728  51.3%  1947 14925s
 380651 285240 12457.9892   43  703 18950.0000 9235.08572  51.3%  1945 15125s
 389560 296908 13139.0144   41  676 18950.0000 9247.28556  51.2%  1945 15398s
 402497 304527 16581.6486   49  631 18950.0000 9255.18673  51.2%  1945 15574s
 412268 310989 10234.8849   39  697 18950.0000 9256.54480  51.2%  1938 15731s
 419366 318300 15021.7214   69  602 18950.0000 9257.68857  51.1%  1939 15903s
 428682 322622 12634.9289   43  619 18950.0000 9260.96811  51.1%  1933 16060s
 435922 330876 18777.5047   56  667 18950.0000 9267.58395  51.1%  1931 16322s
 448208 334038 18854.6978   56  704 18950.0000 9284.51660  51.0%  1929 16732s
 452395 343294 17957.7235   49  638 18950.0000 9285.82988  51.0%  1931 17025s
 465497 353513 11152.5662   39  647 18950.0000 9294.97051  51.0%  1933 17256s
 476821 357712 18091.6320   96  543 18950.0000 9297.41050  50.9%  1933 17422s
 482085 368071 15125.4265   53  651 18950.0000 9300.78976  50.9%  1930 17682s
 494599 376914 11205.5655   49  620 18950.0000 9311.13332  50.9%  1929 17857s
 504704 382184 17930.3480   87  433 18950.0000 9315.37046  50.8%  1924 18010s
 511982 388985 11593.8047   49  626 18950.0000 9320.98499  50.8%  1923 18165s
 519329 396445 13291.8315   46  685 18950.0000 9321.99487  50.8%  1924 18334s
 527766 396445 15964.5119   60  563 18950.0000 9325.72292  50.8%  1920 18335s
 528711 404418 12876.7663   42  690 18950.0000 9326.96161  50.8%  1919 18583s
 539487 409605 14004.0510   32  674 18950.0000 9336.87945  50.7%  1922 18775s
 549611 415497 17030.0000   33  617 18950.0000 9341.51270  50.7%  1918 18944s
 558196 420575 10999.9383   35  743 18950.0000 9350.24295  50.7%  1915 19108s
 565256 428468 9793.45195   35  696 18950.0000 9354.80067  50.6%  1916 19283s
 573269 435780 12784.3073   56  593 18950.0000 9355.14033  50.6%  1916 19470s
 582827 441982 9696.48088   23  801 18950.0000 9357.26741  50.6%  1913 19931s
 591176 465801 9972.55893   37  823 18950.0000 9362.36168  50.6%  1915 20512s
 620676 469401 10830.8821   34  604 18950.0000 9376.61648  50.5%  1911 20695s
 625846 477233 17766.2252   57  563 18950.0000 9378.02204  50.5%  1911 20946s
 637264 485730 10971.6850   31  749 18950.0000 9392.48683  50.4%  1911 21190s
 649088 493614 10168.9486   27  815 18950.0000 9396.84049  50.4%  1910 21360s
 658122 500117 14492.7321   45  659 18950.0000 9396.84049  50.4%  1909 21519s
 665285 500117 16860.7508   54  648 18950.0000 9396.84049  50.4%  1906 21520s
 667166 504796 17464.6409   69  659 18950.0000 9398.87664  50.4%  1905 21666s
 675103 509593 18392.4338   47  684 18950.0000 9408.80462  50.3%  1903 21816s
 682093 514718 18889.5830   60  652 18950.0000 9414.97191  50.3%  1903 21975s
 689227 522406 infeasible   50      18950.0000 9420.09919  50.3%  1903 22210s
 699860 528238 12148.4185   43  722 18950.0000 9426.25683  50.3%  1905 22386s
 708162 534383 15733.9028   41  612 18950.0000 9432.71393  50.2%  1905 22567s
 716340 540740 14570.7382   47  700 18950.0000 9438.54701  50.2%  1905 22748s
 725077 545881 10043.0975   27  768 18950.0000 9442.28278  50.2%  1904 22922s
 732229 548658 16408.6578   50  682 18950.0000 9447.76117  50.1%  1905 23076s
 736102 558135 17730.8120   65  689 18950.0000 9448.51358  50.1%  1906 23320s
 747855 563574 10248.2305   29  845 18950.0000 9452.54627  50.1%  1905 23488s
 755572 569076 16747.0224   68  644 18950.0000 9457.04936  50.1%  1904 23653s
 763302 575573     cutoff   63      18950.0000 9462.45381  50.1%  1904 23825s
 771421 581887 11634.9670   37  662 18950.0000 9463.18551  50.1%  1903 24001s
 779971 587405 10055.1829   38  718 18950.0000 9465.15509  50.1%  1902 24169s
 787866 595612 10435.9227   32  640 18950.0000 9474.86845  50.0%  1902 24405s
 799398 601212 10594.6915   25  846 18950.0000 9485.62895  49.9%  1900 24576s
 807240 606729 12108.4503   41  735 18950.0000 9488.73738  49.9%  1899 24739s
 814457 606729 11402.8720   42  750 18950.0000 9493.52107  49.9%  1899 24740s
 815122 612629 10195.6067   30  777 18950.0000 9494.41867  49.9%  1899 24909s
 823379 618033 18357.2897   57  655 18950.0000 9501.13722  49.9%  1898 25078s
 831060 623422 13386.0449   40  744 18950.0000 9503.36693  49.9%  1898 25250s
 838357 633969 10259.5914   35  753 18950.0000 9509.23127  49.8%  1899 25640s
 849603 643722 18116.9086   70  600 18950.0000 9509.31474  49.8%  1897 25947s
 864651 646697 14910.4902   68  586 18950.0000 9516.15093  49.8%  1895 26117s
 869653 655280 15543.8539   41  714 18950.0000 9516.61789  49.8%  1895 26358s
 880823 661774 12127.4213   37  789 18950.0000 9520.84311  49.8%  1895 26558s
 889797 671981 13275.9629   49  640 18950.0000 9525.06521  49.7%  1897 26790s
 901192 679508 13567.3103   51  628 18950.0000 9526.77470  49.7%  1896 26954s
 909932 687443 10569.3116   37  646 18950.0000 9527.21896  49.7%  1895 27111s
 918740 693798 14564.2855   58  723 18950.0000 9528.21590  49.7%  1893 27260s
 926330 701898 10903.9381   34  582 18950.0000 9528.21590  49.7%  1892 27413s
 935205 707560 12626.1565   51  613 18950.0000 9528.21590  49.7%  1891 27557s
 942654 711420     cutoff   79      18950.0000 9532.10677  49.7%  1890 27953s
 947859 744245 infeasible   43      18950.0000 9534.49165  49.7%  1890 28790s
 991231 744317 18440.2972   59  657 18950.0000 9553.79396  49.6%  1887 29728s
 991319 803858 18596.2250   60  638 18950.0000 9553.81727  49.6%  1887 31496s
 1070679 812657 12776.4574   48  753 18950.0000 9578.96468  49.5%  1883 31728s
 1081903 815379 10508.2017   35  679 18950.0000 9581.16780  49.4%  1883 31864s
 1085211 823543 11063.8767   40  698 18950.0000 9581.16780  49.4%  1883 32069s
 1096529 830279 16595.9281   98  394 18950.0000 9582.75748  49.4%  1881 32242s
 1105400 836749 12207.0917   43  670 18950.0000 9585.91357  49.4%  1880 32407s
 1113799 845783 12167.4273   46  677 18950.0000 9593.80220  49.4%  1880 32572s
 1123800 855773 10457.2364   33  752 18950.0000 9593.86786  49.4%  1878 32817s
 1136002 860928 10327.3635   34  614 18950.0000 9596.70165  49.4%  1877 32968s
 1143050 868728 11606.5485   48  658 18950.0000 9600.39344  49.3%  1877 33126s
 1151179 876245 13410.7111   33  622 18950.0000 9601.13694  49.3%  1877 33293s
 1160730 882637     cutoff   50      18950.0000 9602.34454  49.3%  1875 33445s
 1168055 889579 12800.0775   38  620 18950.0000 9603.39862  49.3%  1875 33603s
 1177142 897546 16179.4784   60  600 18950.0000 9606.70208  49.3%  1873 33832s
 1188142 903928 11317.1901   40  551 18950.0000 9608.65794  49.3%  1873 33997s
 1195606 907995 13941.8741   52  699 18950.0000 9613.98512  49.3%  1873 34139s
 1199894 916906 17541.8515   72  601 18950.0000 9614.01311  49.3%  1873 34350s
 1212246 921860 14856.4890   34  678 18950.0000 9614.75900  49.3%  1870 34517s
 1220249 927379 11448.0766   36  690 18950.0000 9619.40932  49.2%  1870 34680s
 1228143 934461 10762.8272   41  633 18950.0000 9623.95035  49.2%  1869 34900s
 1238467 940992 infeasible   46      18950.0000 9627.23940  49.2%  1870 35234s
 1246280 948741     cutoff   67      18950.0000 9629.25407  49.2%  1870 35440s
 1256874 957838 11110.3771   50  614 18950.0000 9632.79279  49.2%  1869 35622s
 1267011 962837 16706.0956   63  676 18950.0000 9632.81750  49.2%  1868 36001s
 1274060 969823 10931.1539   34  748 18950.0000 9634.39082  49.2%  1867 36232s
 1285481 976604 16200.8537   64  564 18950.0000 9640.76354  49.1%  1867 36393s
 1292900 985192 14502.8720   66  620 18950.0000 9640.87181  49.1%  1867 36564s
 1299231 985192 15813.7286   49  751 18950.0000 9641.76621  49.1%  1866 36565s
 1303240 990696 10340.7399   31  802 18950.0000 9642.50000  49.1%  1865 36716s
 1309759 999431 12860.7506   56  659 18950.0000 9645.82960  49.1%  1865 36880s
 1319390 1004664 11910.1742   39  713 18950.0000 9645.83248  49.1%  1864 37024s
 1325880 1015234 10265.6840   32  797 18950.0000 9645.86794  49.1%  1864 37251s
 1338035 1020993 15696.5135   59  690 18950.0000 9646.39374  49.1%  1863 37397s
 1344874 1024643     cutoff   53      18950.0000 9646.99827  49.1%  1863 37476s

Cutting planes:
  Gomory: 3
  Lift-and-project: 138
  Cover: 42
  MIR: 121
  StrongCG: 1
  Flow cover: 97
  Inf proof: 1
  Zero half: 152
  RLT: 1407
  BQP: 306

Explored 1349580 nodes (2513225049 simplex iterations) in 37476.66 seconds (21624.42 work units)
Thread count was 80 (of 140 available processors)

Solution count 10: 18950 18960 19960 ... 40740

Solve interrupted
Best objective 1.895000000000e+04, best bound 9.650000000000e+03, gap 49.0765%
